626	1233
800	1204
323	421
1379	188
1379	112
1379	148
123	768
123	1315
123	1583
123	1280
123	1204
87	87
87	768
1367	1472
1367	767
1367	112
70	112
1432	889
1432	1131
86	929
1096	128
1322	99
1132	470
1562	526
526	1562
526	243
526	612
526	1496
526	244
243	570
188	87
188	1472
188	969
188	346
188	1315
188	930
188	1484
188	1287
188	1348
188	113
188	699
188	1131
680	188
775	627
775	184
775	1029
477	22
12	676
12	297
12	1315
12	112
12	540
12	656
12	613
12	1291
917	760
505	1472
505	1348
843	450
447	617
447	1547
447	1005
447	1440
447	898
449	170
172	612
172	1496
173	1545
173	768
173	1472
173	1547
173	1561
173	1012
173	1470
173	1240
173	1281
173	127
173	343
173	936
173	1552
173	85
173	1131
1225	760
1225	1281
1225	205
915	421
915	179
915	1281
915	418
698	173
1102	899
1102	1538
1547	768
1547	617
1547	764
1547	439
1547	1600
1547	916
1547	420
1547	379
1547	880
1547	1494
1547	958
1547	184
1547	1384
1547	1573
1547	148
1547	1131
981	72
981	1004
981	895
981	215
981	387
42	664
220	1239
220	1131
212	1547
212	1315
212	889
1614	832
1074	1102
1074	706
1529	911
1529	775
1529	305
1529	527
1529	476
1529	1496
1439	911
1439	1439
1439	1201
1439	895
1439	187
1439	92
1589	1131
1005	951
1005	911
1005	481
1005	1102
1005	1547
1005	1439
1005	1004
1005	1315
1005	889
1005	1092
1005	1196
1005	476
1005	1385
1005	184
1005	450
1005	312
1005	703
1005	1535
1440	830
1440	1547
1440	1439
1440	1190
1440	1004
1440	1105
1440	889
1440	379
1440	1385
1440	322
1440	946
1293	1102
676	1004
676	142
676	1204
676	135
676	377
1190	617
1190	830
1190	184
1190	1593
1190	1291
1190	92
1190	1347
623	1004
5	1315
1004	346
1004	1439
1004	1004
1004	1196
1004	895
1004	1030
1004	1091
1315	998
1315	159
1315	1547
1315	1315
1315	1484
1315	379
1315	1386
1315	905
1315	184
1315	907
1315	971
1315	1577
1315	127
1315	135
1315	664
1315	1131
458	654
458	664
1226	149
1226	784
1226	1239
1226	187
1226	1408
931	149
931	406
931	1116
931	784
931	1408
395	1264
620	1348
620	1281
620	1610
620	1496
620	187
620	1184
291	768
291	617
291	1472
291	1232
291	1547
291	1092
291	887
291	450
291	1122
788	768
788	617
241	768
241	617
599	766
207	481
207	72
207	1004
207	1196
207	1395
207	135
207	387
207	1056
207	814
207	993
592	895
592	135
592	1030
90	526
90	1439
90	1281
965	1601
965	951
965	617
965	997
965	942
965	1603
965	112
965	1287
965	1264
965	1469
1537	526
1537	668
1537	105
28	953
104	220
104	104
104	1095
104	1591
1216	1609
1320	81
502	769
502	768
502	834
502	1324
502	1315
502	1320
502	112
502	170
502	85
503	834
503	1324
503	85
163	571
873	464
1413	764
1413	737
30	1413
1129	707
274	965
274	1537
274	170
784	965
784	1537
1603	1274
1304	775
1304	149
1304	274
1304	784
1304	889
1304	137
1304	907
1304	187
1470	1605
842	343
842	1469
842	187
842	1291
571	1598
571	207
571	296
566	1191
566	1442
566	1528
568	1131
570	1439
570	142
570	778
570	1224
1169	1170
1167	1170
1166	88
1166	1224
1161	1599
1161	1016
1393	1030
170	1472
170	148
1287	812
1287	135
420	99
420	1066
1092	1348
1092	99
1111	1472
1111	1091
693	1552
693	829
693	611
929	1336
929	135
903	791
1276	1264
1276	464
1276	68
1233	768
1233	99
379	159
379	768
379	617
379	1507
379	1405
379	447
379	1315
379	393
379	889
379	379
379	1386
379	316
379	927
379	905
379	184
379	971
379	127
379	343
379	77
379	659
379	374
379	656
379	654
379	135
379	664
379	1131
379	1291
898	768
898	905
898	174
880	346
880	379
880	905
1344	1281
1344	1574
813	813
471	721
471	722
367	617
367	188
367	612
984	1547
984	612
984	516
984	1496
1213	1472
1213	717
1203	887
1203	367
342	243
342	1598
342	1449
342	1129
342	706
342	1239
342	1496
342	812
142	1439
142	891
142	1438
895	1439
927	617
927	1021
927	927
927	1131
1209	540
517	889
517	540
1308	1405
1308	1131
236	1324
236	1090
236	774
236	613
702	702
702	540
1264	83
1264	128
1264	873
1264	379
1264	829
1095	481
1095	1180
147	1180
81	1320
81	476
376	125
184	1315
184	379
1138	617
464	951
464	1005
464	766
464	1505
464	1016
1239	1598
1239	1005
1239	1505
1239	1016
1331	1472
1331	477
403	907
1611	1090
1611	1348
778	1472
778	18
778	1348
778	1177
179	18
179	1496
1348	998
1348	628
1348	278
1348	617
1348	1472
1348	1405
1348	1598
1348	1331
1348	1611
1348	1348
1348	1008
1348	187
1348	802
1348	822
1348	1131
1348	429
1281	998
1281	17
1281	1008
1281	953
1281	1571
612	526
612	1598
612	1537
612	415
612	343
612	187
612	812
612	244
612	1500
1124	1413
1124	179
500	1413
500	179
700	801
700	1348
924	871
1395	720
1395	1014
127	448
127	188
127	1600
127	1315
127	889
127	907
127	1577
127	127
127	343
127	389
127	897
127	664
817	1155
817	367
817	907
817	516
1238	323
1238	951
1238	1074
1238	1287
343	655
343	1545
343	159
343	249
343	768
343	1507
343	467
343	185
343	1472
343	188
343	1155
343	1468
343	1232
343	42
343	1529
343	1600
343	15
343	1315
343	1594
343	339
343	1413
343	889
343	916
343	892
343	898
343	476
343	984
343	342
343	1106
343	958
343	905
343	184
343	464
343	778
343	1348
343	343
343	450
343	540
343	51
343	659
343	374
343	1566
343	668
343	960
343	113
343	654
343	393
343	1204
343	8
343	664
343	822
343	1131
343	1291
343	1091
343	871
343	1323
1610	768
1610	1413
1610	1304
1610	1348
1610	654
1511	617
1511	801
1511	173
1511	112
1511	1122
1511	1131
819	617
819	1122
398	617
398	1122
1469	676
1469	1198
1469	1116
1469	1287
1469	1233
1469	1264
1469	1239
1469	1281
1469	341
1469	1131
99	768
99	1472
99	149
99	592
99	274
99	784
99	343
99	97
99	470
99	1066
99	1204
99	135
99	812
691	43
136	655
136	136
136	1122
828	207
596	898
596	343
703	527
703	1496
1384	1232
1384	1469
48	1017
48	768
48	612
48	1496
540	1425
540	71
540	889
540	907
540	802
953	767
68	832
68	481
68	1170
68	68
1487	481
1575	1170
327	1184
1243	1408
1243	1150
341	951
341	965
341	942
341	1276
341	342
341	1264
341	150
341	1408
341	1150
341	740
1474	1487
171	760
171	391
64	249
64	526
64	693
661	249
661	448
402	316
402	953
1496	1472
1496	526
1496	1609
1496	1537
1496	887
1496	706
1496	612
1496	1496
1496	244
1471	291
1471	1389
1471	664
579	1155
59	1204
106	22
1552	173
1177	984
1177	341
1177	1496
1177	8
1388	1604
1388	341
470	1539
470	1472
470	1315
470	1413
470	942
470	126
470	1577
470	1204
470	675
1583	655
1583	159
1583	768
1583	467
1583	185
1583	526
1583	1410
1583	1155
1583	1529
1583	1600
1583	15
1583	1315
1583	1594
1583	1413
1583	916
1583	984
1583	1106
1583	958
1583	184
1583	1348
1583	343
1583	540
1583	1202
1583	960
1583	22
1583	1204
1583	1131
1583	1291
1583	1091
1583	1323
654	768
654	1413
654	778
654	1348
478	658
1039	1017
1039	173
1438	185
1438	1090
1438	391
1438	1030
1438	135
103	1604
103	1122
957	1472
189	570
189	1496
189	189
1514	612
1514	135
1528	1609
1528	115
890	159
890	1472
890	1155
890	854
890	855
890	1373
890	274
890	1603
890	1287
890	420
890	1239
890	1469
890	1438
890	1030
890	1000
1574	1472
1574	1320
1574	759
1574	1413
1574	612
1574	980
1574	1599
1029	1599
1029	15
1029	1320
1029	759
1029	379
1029	184
1029	1348
1029	1230
1029	1573
1029	187
1029	1016
1571	1472
1571	1320
1571	759
1571	1603
1571	1287
1571	420
1571	379
1571	1469
1571	1573
1571	187
1571	664
1245	159
1245	1373
1245	1287
1245	420
1245	1030
1030	170
1030	1438
1573	1029
1573	664
1066	612
1179	612
187	526
187	15
187	170
187	415
187	905
187	612
187	48
187	187
187	1131
0	768
0	373
0	342
1224	545
1224	283
1224	135
1224	1568
966	766
966	1224
1204	1472
1204	676
1204	295
1389	1599
1389	655
1389	761
1389	1432
1389	159
1389	951
1389	249
1389	1018
1389	768
1389	617
1389	1507
1389	37
1389	911
1389	1472
1389	764
1389	1405
1389	1155
1389	834
1389	1547
1389	1529
1389	997
1389	1589
1389	1005
1389	1371
1389	1315
1389	393
1389	548
1389	1012
1389	1470
1389	842
1389	1090
1389	379
1389	880
1389	813
1389	1363
1389	316
1389	290
1389	905
1389	184
1389	93
1389	1593
1389	778
1389	1348
1389	612
1389	1577
1389	450
1389	99
1389	312
1389	691
1389	136
1389	1008
1389	936
1389	659
1389	1496
1389	113
1389	656
1389	1360
1389	478
1389	215
1389	755
1389	322
1389	613
1389	1573
1389	1066
1389	1389
1389	1115
1389	1122
1389	387
1389	1176
1389	822
1389	1520
1174	1005
1174	420
122	1599
122	159
122	911
122	1472
122	1529
122	1371
122	842
122	612
122	450
122	1008
122	1360
122	478
122	322
122	613
122	1389
122	387
122	728
121	1472
135	998
135	981
135	72
135	929
135	1196
135	1264
135	93
135	1358
135	343
135	387
1122	1472
1122	969
1122	1600
1122	889
1369	1472
1369	1278
1369	889
1505	1599
1505	587
1505	1547
1505	1315
1505	888
1505	471
1505	958
1505	905
1505	1016
8	448
8	185
8	1405
8	1547
8	1111
8	907
8	402
8	1131
8	1091
1184	1316
1184	768
1184	617
1184	1507
1184	1405
1184	1155
1184	1547
1184	997
1184	1315
1184	1304
1184	18
1184	367
1184	927
1184	905
1184	184
1184	907
1184	1348
1184	1469
1184	1156
1184	1583
1184	135
1184	1122
1184	1184
1184	1568
1184	664
1184	597
1184	1131
1184	1291
1184	31
1183	997
1183	829
1182	617
845	1547
845	90
845	873
845	535
845	514
387	768
387	1439
387	1438
387	1030
387	812
387	1056
1408	1609
1408	1105
1408	1264
1408	341
1408	1141
1000	1264
1000	1469
494	1472
494	791
494	328
740	1449
740	1129
740	707
1044	1599
1044	1287
1044	1066
812	1599
812	1507
812	1472
812	1102
812	291
812	170
812	342
812	612
812	99
812	48
812	1066
1568	1599
1568	526
1568	1232
1568	15
1568	1470
1568	1287
1568	420
1568	1348
1568	659
1612	1562
200	200
696	1131
618	1599
1368	1370
857	768
857	1472
857	179
857	812
857	1131
664	1213
664	1281
1131	1601
1131	87
1131	1472
1131	764
1131	796
1131	1468
1131	155
1131	173
1131	1463
1131	1547
1131	220
1131	1531
1131	1600
1131	1315
1131	620
1131	788
1131	1423
1131	889
1131	1287
1131	887
1131	1180
1131	1611
1131	905
1131	907
1131	1348
1131	612
1131	343
1131	1469
1131	99
1131	327
1131	1566
1131	336
1131	1583
1131	1438
1131	957
1131	595
1131	1029
1131	1122
1131	1568
1131	1612
1131	148
1131	1131
1131	1091
1131	1396
1131	367
1291	335
1291	1472
1291	1598
1291	570
1291	1204
1291	1000
1291	377
1291	1131
1291	1535
1291	549
31	1472
31	1598
31	464
31	1122
74	335
74	1155
74	481
74	199
74	907
677	335
677	1155
677	481
677	889
677	907
1151	1232
1151	418
1085	291
1085	1378
394	613
1323	1155
1323	1428
1323	1315
1323	112
1323	1235
1323	1239
1323	1469
1323	953
1323	642
1323	1568
1323	1131
1323	1347
770	1131
814	361
814	1577
1535	90
1535	664
728	612
1419	1472
1419	207
1419	135
1419	387
47	612
1396	1131
899	1102
899	890
899	1571
190	1413
190	274
932	72
932	90
932	1196
990	21
229	612
1461	612
1461	1496
80	453
80	918
80	612
1601	1469
1601	103
1601	451
414	915
414	277
414	1496
414	189
414	890
414	1066
414	849
414	451
414	1179
1445	173
1445	915
1445	277
1445	1066
1445	1184
809	249
809	1029
1026	1496
800	612
323	1208
323	1310
323	308
323	1564
323	832
323	1114
323	219
323	1493
323	941
323	414
323	809
323	250
323	251
323	123
323	87
323	692
323	1390
323	1432
323	1096
323	1322
323	340
323	1472
323	804
323	775
323	477
323	590
323	12
323	463
323	43
323	1345
323	1548
323	505
323	346
323	149
323	155
323	1232
323	307
323	1547
323	212
323	345
323	439
323	1529
323	662
323	1589
323	1190
323	914
323	1609
323	634
323	166
323	527
323	599
323	1275
323	28
323	1329
323	803
323	222
323	271
323	503
323	873
323	1413
323	30
323	1406
323	1304
323	1220
323	84
323	967
323	1470
323	889
323	571
323	572
323	568
323	1167
323	1166
323	1165
323	1164
323	1162
323	126
323	124
323	872
323	1356
323	1090
323	479
323	362
323	14
323	1276
323	658
323	896
323	1286
323	594
323	367
323	1213
323	1597
323	781
323	469
323	292
323	790
323	142
323	1365
323	517
323	1541
323	786
323	582
323	1308
323	236
323	299
323	147
323	711
323	210
323	1185
323	1138
323	403
323	461
323	1611
323	1108
323	1124
323	1577
323	1172
323	343
323	1511
323	1154
323	450
323	312
323	1337
323	596
323	703
323	114
323	540
323	1008
323	260
323	953
323	982
323	516
323	1133
323	44
323	1028
323	1575
323	661
323	402
323	1558
323	668
323	1498
323	1
323	724
323	1303
323	1582
323	1089
323	1524
323	1388
323	1588
323	1591
323	654
323	557
323	259
323	1025
323	1227
323	1485
323	779
323	1584
323	1528
323	393
323	1245
323	1573
323	55
323	829
323	1288
323	169
323	1389
323	1183
323	418
323	1295
323	422
323	618
323	377
323	923
323	1399
323	864
323	822
323	602
323	886
323	507
323	191
323	1292
323	1446
323	183
323	1194
323	871
323	92
323	943
323	1143
323	429
323	1306
323	650
323	814
323	115
323	925
323	1279
323	852
323	408
323	1309
323	456
323	1580
323	660
323	1341
323	554
323	1596
323	237
323	990
323	940
323	1087
761	764
761	765
1379	1507
1379	1405
1379	1315
1379	1384
1379	1184
1379	85
1379	1323
123	123
123	340
123	12
123	738
123	1496
123	85
87	843
87	15
87	1356
87	379
87	898
87	1213
87	905
87	127
87	8
87	1131
1367	340
1367	843
1367	1315
1367	379
1367	738
692	680
1488	340
1488	843
1488	1315
1488	738
70	843
70	1369
70	1505
70	1323
1390	1315
1432	145
1432	832
1432	251
1432	1432
1432	324
1432	1490
1432	969
1432	590
1432	361
1432	149
1432	1282
1432	1005
1432	1267
1432	1594
1432	571
1432	568
1432	245
1432	977
1432	367
1432	689
1432	380
1432	473
1432	961
1432	1209
1432	1541
1432	1308
1432	949
1432	1610
1432	97
1432	204
1432	1498
1432	1303
1432	113
1432	1193
1432	1388
1432	120
1432	1514
1432	1206
1432	779
1432	416
1432	1586
1432	890
1432	1245
1432	1182
1432	956
1432	935
1432	1567
1432	871
1432	408
1432	549
355	483
355	1367
355	1432
355	324
355	758
355	1462
355	1490
355	969
355	1076
355	756
355	1282
355	220
355	914
355	1267
355	1315
355	667
355	889
355	367
355	473
355	678
355	1209
355	1541
355	1384
355	765
355	1243
355	204
355	1498
355	1177
355	1388
355	1605
355	962
355	356
355	1514
355	779
355	1586
355	1195
355	1182
355	273
355	935
355	1567
355	92
86	898
86	880
1316	898
777	1233
913	1438
913	392
1562	768
1562	1607
526	1074
526	1537
526	1554
526	367
526	358
188	865
188	1041
188	1601
188	1422
188	800
188	1426
188	951
188	617
188	1155
188	1332
188	1336
188	1302
188	843
188	1148
188	15
188	28
188	1470
188	568
188	569
188	823
188	1181
188	367
188	984
188	304
188	283
188	1395
188	1238
188	177
188	703
188	1374
188	341
188	269
188	960
188	1588
188	1047
188	103
188	314
188	901
188	890
188	1573
188	1083
188	664
188	1176
188	1377
188	31
188	385
188	1194
188	182
188	1057
188	955
188	746
188	246
188	989
1405	1294
680	692
1523	449
663	233
242	1571
775	1583
397	332
477	1039
298	1281
12	414
12	250
12	251
12	323
12	1379
12	123
12	118
12	1132
12	254
12	1545
12	249
12	340
12	441
12	262
12	913
12	768
12	617
12	1502
12	801
12	188
12	1405
12	397
12	1462
12	477
12	928
12	12
12	547
12	463
12	1548
12	1504
12	1302
12	1449
12	1468
12	1463
12	1232
12	1547
12	981
12	662
12	1266
12	950
12	634
12	527
12	1226
12	1059
12	1275
12	207
12	592
12	965
12	303
12	1271
12	271
12	1320
12	281
12	1014
12	889
12	1170
12	1166
12	1391
12	872
12	170
12	420
12	760
12	1092
12	1269
12	25
12	379
12	898
12	1181
12	1286
12	701
12	594
12	984
12	11
12	1147
12	927
12	1365
12	1209
12	738
12	236
12	1264
12	299
12	1325
12	711
12	94
12	1153
12	905
12	732
12	1199
12	284
12	1172
12	1238
12	1610
12	359
12	1511
12	1607
12	312
12	691
12	1384
12	866
12	111
12	1061
12	1112
12	765
12	1473
12	341
12	1270
12	705
12	1496
12	1471
12	1498
12	269
12	1303
12	1486
12	1552
12	1193
12	1588
12	697
12	120
12	440
12	893
12	1047
12	748
12	1280
12	1305
12	1188
12	259
12	161
12	1065
12	1573
12	218
12	948
12	169
12	1204
12	1389
12	1369
12	1184
12	740
12	1044
12	812
12	664
12	85
12	175
12	148
12	1130
12	902
12	294
12	1070
12	1151
12	1466
12	943
12	1143
12	739
12	1323
12	57
12	814
12	115
12	647
12	955
12	910
12	1396
12	939
12	466
12	487
12	319
12	246
12	555
12	1596
12	237
12	1120
12	593
361	340
361	1315
138	340
138	1315
138	738
547	1315
361	738
576	1315
713	1589
331	1395
917	954
917	1284
917	308
917	730
917	1041
917	529
917	655
917	1422
917	809
917	800
917	26
917	533
917	123
917	848
917	1096
917	1322
917	159
917	544
917	652
917	129
917	441
917	1134
917	325
917	280
917	1402
917	1101
917	789
917	37
917	616
917	911
917	764
917	1562
917	188
917	1405
917	1043
917	775
917	108
917	621
917	1073
917	810
917	1155
917	928
917	138
917	1533
917	1333
917	917
917	1504
917	933
917	1604
917	796
917	1598
917	1449
917	666
917	1102
917	305
917	307
917	282
917	1547
917	289
917	42
917	220
917	38
917	1614
917	21
917	1007
917	1589
917	1440
917	276
917	1415
917	1052
917	72
917	1590
917	1609
917	1105
917	458
917	931
917	599
917	1275
917	321
917	1237
917	207
917	592
917	90
917	965
917	445
917	339
917	104
917	562
917	791
917	406
917	1400
917	1321
917	667
917	303
917	1414
917	891
917	1088
917	797
917	1495
917	1484
917	1024
917	816
917	959
917	571
917	568
917	569
917	1165
917	1161
917	1391
917	1393
917	916
917	1356
917	825
917	1178
917	18
917	479
917	14
917	360
917	870
917	1276
917	304
917	82
917	725
917	142
917	678
917	1494
917	1492
917	895
917	927
917	1209
917	238
917	738
917	811
917	603
917	283
917	299
917	1325
917	711
917	542
917	65
917	1300
917	601
917	949
917	1138
917	732
917	1331
917	403
917	461
917	1348
917	850
917	1140
917	844
917	1395
917	1238
917	1610
917	450
917	312
917	1337
917	828
917	703
917	114
917	540
917	1517
917	497
917	983
917	248
917	1442
917	206
917	974
917	1242
917	1339
917	501
917	835
917	765
917	23
917	774
917	1270
917	882
917	1496
917	1471
917	73
917	668
917	389
917	1067
917	350
917	1350
917	41
917	310
917	1177
917	1058
917	478
917	1047
917	49
917	1280
917	333
917	1188
917	117
917	315
917	957
917	102
917	268
917	1514
917	6
917	1206
917	1205
917	1464
917	890
917	1029
917	1245
917	1380
917	849
917	187
917	1192
917	1174
917	726
917	845
917	1290
917	1146
917	1016
917	1408
917	740
917	583
917	618
917	1399
917	1444
917	857
917	1056
917	130
917	664
917	1407
917	1176
917	563
917	602
917	956
917	785
917	1038
917	1131
917	979
917	261
917	507
917	1292
917	619
917	132
917	1194
917	677
917	580
917	581
917	600
917	1475
917	943
917	1323
917	1427
917	1489
917	770
917	1483
917	846
917	650
917	202
917	443
917	513
917	1460
917	955
917	607
917	805
917	552
917	910
917	1527
917	1396
917	551
917	742
917	673
917	672
917	1035
917	633
917	286
917	1387
917	555
917	636
917	922
917	932
917	237
917	549
917	349
1336	1315
1336	1537
1336	929
1336	1575
1336	261
843	730
843	653
843	941
843	87
843	1367
843	70
843	1488
843	1322
843	663
843	915
843	599
843	1509
843	354
843	388
843	1051
843	571
843	572
843	1393
843	1287
843	420
843	1355
843	283
843	94
843	732
843	1395
843	127
843	1511
843	398
843	381
843	516
843	668
843	868
843	1023
843	1514
843	169
843	1399
843	442
843	1085
843	1285
843	1057
843	115
843	955
843	1294
756	142
449	1523
449	465
173	730
173	653
173	1493
173	414
173	1445
173	1215
173	521
173	123
173	692
173	1390
173	413
173	1432
173	628
173	1132
173	280
173	1507
173	758
173	467
173	1502
173	1539
173	801
173	243
173	775
173	1330
173	1490
173	477
173	590
173	338
173	632
173	1022
173	12
173	63
173	1373
173	1533
173	331
173	1076
173	834
173	917
173	756
173	149
173	449
173	1468
173	173
173	421
173	1225
173	915
173	277
173	698
173	981
173	662
173	1190
173	1135
173	1371
173	1565
173	634
173	166
173	15
173	395
173	1532
173	520
173	154
173	1246
173	207
173	28
173	339
173	791
173	303
173	1013
173	1220
173	874
173	571
173	1162
173	1160
173	1391
173	823
173	1287
173	420
173	752
173	760
173	1090
173	1269
173	1111
173	904
173	898
173	1344
173	701
173	813
173	367
173	1597
173	1180
173	1342
173	790
173	629
173	29
173	1355
173	266
173	1572
173	1570
173	283
173	704
173	210
173	382
173	958
173	1046
173	144
173	462
173	907
173	906
173	778
173	179
173	1348
173	1124
173	700
173	1238
173	359
173	1214
173	214
173	1337
173	691
173	114
173	1008
173	953
173	1081
173	381
173	516
173	1606
173	532
173	642
173	1133
173	1473
173	1374
173	1055
173	1416
173	579
173	1559
173	897
173	269
173	336
173	1193
173	1031
173	1522
173	470
173	1033
173	1591
173	1583
173	419
173	333
173	901
173	189
173	779
173	1376
173	1205
173	1179
173	98
173	699
173	829
173	169
173	1224
173	1204
173	1389
173	1174
173	122
173	1122
173	1182
173	418
173	1146
173	812
173	1568
173	733
173	1399
173	1444
173	857
173	1056
173	919
173	33
173	1407
173	822
173	1060
173	368
173	886
173	209
173	390
173	1187
173	943
173	1143
173	1323
173	424
173	650
173	1535
173	1419
173	657
173	1145
173	553
173	955
173	1579
173	641
173	1045
173	1309
173	1527
173	1353
173	1312
173	639
173	939
173	457
173	1580
173	635
173	672
173	660
173	1256
173	1035
173	190
173	487
173	747
173	745
173	743
173	1479
173	1476
173	490
173	237
173	229
173	989
173	285
173	1461
173	349
421	768
421	1472
421	173
421	1225
421	207
421	1056
1225	768
1225	1472
1225	173
1225	421
1225	1056
1225	74
915	414
915	1445
915	768
915	801
915	1472
915	173
915	277
915	1348
915	700
915	1574
915	1029
915	1571
915	1056
277	414
277	1445
277	768
277	801
277	1472
277	173
277	915
277	179
277	1348
277	1574
277	1029
277	1571
277	1056
1282	172
1282	1308
1282	150
698	698
1463	1395
1547	1208
1547	1026
1547	1215
1547	26
1547	665
1547	1018
1547	441
1547	663
1547	855
1547	138
1547	1332
1547	1254
1547	1551
1547	346
1547	347
1547	1324
1547	447
1547	172
1547	235
1547	1547
1547	662
1547	574
1547	20
1547	1275
1547	445
1547	407
1547	1244
1547	1470
1547	889
1547	566
1547	1356
1547	760
1547	1213
1547	342
1547	1365
1547	283
1547	1095
1547	382
1547	1138
1547	1239
1547	1348
1547	1140
1547	844
1547	1395
1547	1610
1547	398
1547	1337
1547	1008
1547	1487
1547	1242
1547	1243
1547	341
1547	705
1547	402
1547	73
1547	615
1547	1552
1547	1388
1547	194
1547	1438
1547	964
1547	218
1547	451
1547	829
1547	1389
1547	1174
1547	1505
1547	1137
1547	1080
1547	584
1547	139
1547	610
1547	1567
1547	1291
1547	31
1547	1194
1547	677
1547	943
1547	1323
1547	647
1547	47
1547	899
1547	1580
1547	1035
1547	747
1547	1087
1547	549
981	736
981	1505
212	768
212	617
212	1507
212	738
212	1505
38	1315
38	738
38	1505
1614	1608
1074	526
1529	323
1529	516
1529	393
1529	377
1529	664
1529	85
1529	871
1439	887
1439	322
1589	713
1005	519
1005	653
1005	1375
1005	1132
1005	95
1005	449
1005	1005
1005	695
1005	527
1005	207
1005	592
1005	1554
1005	568
1005	1386
1005	415
1005	1355
1005	738
1005	702
1005	958
1005	905
1005	93
1005	1348
1005	850
1005	691
1005	881
1005	1133
1005	1089
1005	9
1005	1588
1005	1438
1005	1389
1005	1505
1005	387
1005	740
1005	392
1005	31
1005	1079
1005	1221
1005	910
1005	1222
1005	1309
1005	747
1005	523
1005	638
1005	636
1440	738
1440	1348
1440	1496
1440	1179
1440	392
1190	249
1190	801
1190	862
1190	1385
1190	905
1190	268
1190	1505
1190	1447
623	738
5	768
5	291
5	1116
5	103
5	451
1004	207
1004	1438
1315	730
1315	483
1315	219
1315	1445
1315	1379
1315	1367
1315	1390
1315	1432
1315	848
1315	324
1315	249
1315	441
1315	1149
1315	768
1315	663
1315	1462
1315	1490
1315	969
1315	298
1315	12
1315	1076
1315	1548
1315	1336
1315	756
1315	1468
1315	1282
1315	1232
1315	220
1315	1052
1315	1590
1315	767
1315	1004
1315	1581
1315	965
1315	1400
1315	502
1315	1603
1315	112
1315	898
1315	880
1315	1385
1315	380
1315	1069
1315	738
1315	1541
1315	1361
1315	906
1315	1348
1315	99
1315	831
1315	983
1315	765
1315	204
1315	1569
1315	56
1315	1177
1315	1388
1315	901
1315	1464
1315	948
1315	1204
1315	1505
1315	8
1315	1184
1315	1182
1315	1044
1315	812
1315	902
1315	935
1315	1567
1315	1187
1315	871
1315	1323
1315	1145
1315	660
1315	743
1315	549
1226	767
1226	341
931	936
1059	1204
620	801
620	905
620	184
620	612
1532	1239
1532	1395
291	441
291	576
291	1254
291	796
291	1449
291	305
291	1412
291	5
291	1004
291	241
291	1430
291	104
291	1289
291	565
291	1170
291	1167
291	1287
291	903
291	342
291	423
291	1365
291	1239
291	1577
291	1172
291	953
291	1081
291	341
291	779
291	1184
291	1150
291	167
291	1399
291	1056
291	1521
291	1176
291	139
291	580
291	871
291	968
788	370
788	1215
788	325
788	1536
788	1332
788	1449
788	305
788	1412
788	1004
788	599
788	104
788	1289
788	1304
788	1170
788	1167
788	1287
788	1276
788	342
788	1365
788	94
788	970
788	1577
788	866
788	953
788	835
788	332
788	341
788	1552
788	1171
788	1573
788	1150
788	167
788	1399
788	1521
788	1176
788	956
788	580
788	1141
788	1285
788	1294
788	968
788	1580
241	730
241	251
241	118
241	1370
241	441
241	798
241	1536
241	541
241	305
241	1007
241	291
241	599
241	90
241	104
241	1289
241	571
241	1167
241	1166
241	1287
241	14
241	898
241	342
241	678
241	1365
241	283
241	1095
241	184
241	1577
241	77
241	835
241	332
241	341
241	59
241	161
241	1171
241	1195
241	1573
241	1150
241	167
241	1368
241	1399
241	1056
241	175
241	1176
241	1152
241	598
241	837
241	580
241	1483
241	925
241	1294
599	599
599	1571
599	812
1509	1496
1430	1496
207	1252
207	730
207	626
207	991
207	1601
207	1026
207	734
207	87
207	118
207	1426
207	324
207	1096
207	665
207	545
207	764
207	188
207	1382
207	663
207	1094
207	12
207	361
207	1533
207	1333
207	834
207	917
207	1504
207	1336
207	586
207	1468
207	155
207	421
207	306
207	38
207	997
207	1589
207	1293
207	676
207	1190
207	914
207	950
207	20
207	766
207	1609
207	527
207	1315
207	241
207	592
207	90
207	199
207	1537
207	28
207	104
207	803
207	1159
207	222
207	1064
207	417
207	1320
207	364
207	1413
207	1603
207	1012
207	1231
207	967
207	568
207	569
207	1170
207	1165
207	1164
207	1391
207	1393
207	1392
207	124
207	1287
207	14
207	379
207	985
207	896
207	367
207	984
207	1411
207	304
207	725
207	142
207	1570
207	811
207	1095
207	376
207	716
207	1593
207	403
207	179
207	1199
207	1140
207	921
207	343
207	177
207	450
207	10
207	381
207	1112
207	1242
207	341
207	171
207	269
207	1506
207	41
207	1089
207	1569
207	56
207	194
207	1023
207	557
207	1263
207	893
207	419
207	1039
207	1227
207	1097
207	1438
207	957
207	1514
207	22
207	1528
207	178
207	776
207	1464
207	1245
207	577
207	1288
207	1389
207	1175
207	1182
207	494
207	1150
207	583
207	377
207	802
207	1399
207	664
207	1608
207	1229
207	902
207	1038
207	1131
207	630
207	191
207	935
207	390
207	846
207	1535
207	192
207	955
207	552
207	1396
207	660
207	1560
207	1157
207	1117
207	1387
207	669
207	932
207	1347
207	1087
592	1601
592	118
592	768
592	1333
592	1468
592	155
592	1005
592	1293
592	676
592	950
592	1315
592	207
592	90
592	199
592	1537
592	417
592	274
592	568
592	1164
592	1393
592	1287
592	379
592	896
592	142
592	716
592	1577
592	177
592	450
592	341
592	1263
592	419
592	1438
592	178
592	1245
592	577
592	1175
592	387
592	1150
592	377
592	1229
592	1131
592	955
592	552
592	1387
592	932
90	1601
90	118
90	1333
90	1468
90	155
90	1293
90	676
90	950
90	1315
90	207
90	592
90	199
90	1537
90	417
90	873
90	568
90	1164
90	1393
90	379
90	716
90	177
90	450
90	1263
90	419
90	178
90	1245
90	1175
90	845
90	1150
90	377
90	1229
90	1131
90	955
90	552
90	1387
90	932
965	917
965	1537
965	1233
965	1496
965	890
965	1574
965	1029
965	1571
965	451
965	919
199	207
199	592
199	90
199	1537
199	1571
199	358
199	932
1537	1472
1537	1336
1537	207
1537	592
1537	90
1537	965
1537	199
1537	1571
1537	0
1537	1016
1537	494
1537	919
1537	932
311	1570
311	612
311	1496
311	189
104	207
104	816
104	1326
1216	159
1216	951
1216	1216
1216	873
1216	721
1216	1291
1216	536
1216	943
1216	609
1216	990
412	1070
303	1323
1320	1232
502	249
502	1575
502	1496
502	1571
502	1505
502	1323
1364	801
1116	1445
1116	1132
1116	663
1116	1490
1116	541
1116	1021
1116	1232
1116	1074
1116	5
1116	759
1116	1116
1116	873
1116	30
1116	784
1116	1220
1116	1391
1116	1394
1116	360
1116	1342
1116	961
1116	283
1116	1264
1116	1469
1116	982
1116	341
1116	920
1116	1591
1116	964
1116	1182
1116	1044
1116	812
1116	733
1116	1056
1116	1521
1116	682
1116	536
1116	647
1116	554
873	1232
873	90
873	1216
873	1116
873	873
873	784
873	1469
873	1044
873	812
873	1568
1420	334
1420	737
1420	1590
1420	53
1420	1358
1420	1395
1420	3
1420	1360
1420	675
1413	1449
1413	30
1413	99
1413	1184
30	323
30	1304
30	1281
30	1368
942	709
274	1449
274	149
274	592
274	784
274	99
784	1116
784	873
784	274
784	1235
784	99
1603	1315
1603	379
1304	323
1304	1472
1304	796
1304	1232
1304	439
1304	527
1304	15
1304	788
1304	30
1304	1386
1304	1180
1304	905
1304	450
1304	99
1304	516
1304	659
1304	103
1304	1206
1304	393
1304	1029
1304	451
1304	1184
1304	377
1304	664
1304	85
1304	1131
1304	871
816	104
816	1326
1470	188
842	1571
874	801
874	342
874	183
1563	572
571	1100
571	1095
571	68
571	1487
572	1254
572	1563
572	1095
572	358
565	1100
565	1425
565	1254
565	662
565	1170
565	1169
565	1469
565	68
565	516
566	1095
566	358
568	263
568	441
568	1021
568	149
568	1225
568	1561
568	1400
568	84
568	568
568	1162
568	1181
568	594
568	790
568	1095
568	1138
568	1469
568	99
568	68
568	1473
568	1126
568	56
568	1485
568	901
568	218
568	1389
568	1194
568	92
568	237
568	229
569	1581
570	800
570	734
570	756
570	988
570	1556
570	793
570	667
570	303
570	1320
570	1013
570	1116
570	722
570	565
570	379
570	543
570	1095
570	147
570	1138
570	144
570	1593
570	900
570	703
570	10
570	68
570	111
570	64
570	1025
570	1514
570	1066
570	1568
570	618
570	1444
570	115
570	925
570	1279
570	47
570	1309
570	1560
570	989
1170	1170
1170	1169
1170	1575
1166	1095
1166	1395
1165	111
1164	68
1161	1095
1161	68
1161	111
1161	64
1161	1182
1161	261
1161	670
1394	111
1394	939
1393	1601
1393	107
1393	1197
1393	1246
1393	379
1393	1180
1393	774
1393	1126
1393	1139
1393	890
1393	1016
125	68
125	111
125	1323
124	111
124	358
1356	826
1356	1190
1356	228
1356	321
1356	559
1356	847
1356	1597
1356	582
1356	1325
1356	1361
1356	596
1356	224
1356	113
1356	1588
1356	890
1356	1179
1356	1150
1356	1612
1356	939
792	798
792	826
792	662
792	228
792	1315
792	847
792	1160
792	379
792	594
792	582
792	1325
792	177
792	596
792	113
792	1588
792	890
792	1179
792	1150
792	747
170	1044
170	1568
1287	768
1287	1472
1287	592
1287	1287
1287	1348
1287	322
1287	1029
1287	387
1287	1044
1287	1568
1287	664
1287	1131
420	1235
420	1044
420	812
420	1568
420	583
1235	764
1235	784
1235	420
1235	1044
1092	626
1092	1504
1092	1551
1092	1148
1092	1547
1092	458
1092	241
1092	1265
1092	84
1092	889
1092	1181
1092	61
1092	1154
1092	450
1092	312
1092	1028
1092	341
1092	1350
1092	901
1092	1206
1092	717
1092	1066
1092	39
1092	1027
1092	494
1092	1613
1092	1079
1092	1419
1092	1294
1092	1309
1092	1560
1092	746
14	179
1111	151
1111	324
1111	1096
1111	883
1111	854
1111	1373
1111	1449
1111	1225
1111	38
1111	1614
1111	1529
1111	1440
1111	1190
1111	1052
1111	458
1111	241
1111	1216
1111	1484
1111	84
1111	572
1111	1392
1111	870
1111	929
1111	1103
1111	781
1111	468
1111	725
1111	1492
1111	702
1111	906
1111	953
1111	1487
1111	327
1111	1397
1111	920
1111	960
1111	901
1111	268
1111	1030
1111	451
1111	8
1111	1184
1111	7
1111	1182
1111	1521
1111	31
1111	611
1111	682
1111	925
1111	549
870	991
870	151
870	324
870	883
870	340
870	768
870	37
870	854
870	1373
870	1449
870	1225
870	38
870	1529
870	241
870	599
870	1216
870	1484
870	84
870	572
870	1393
870	1392
870	1111
870	929
870	781
870	468
870	725
870	1492
870	702
870	1095
870	906
870	403
870	953
870	1487
870	920
870	960
870	56
870	901
870	1030
870	451
870	8
870	167
870	148
870	31
870	611
870	1613
870	682
693	185
929	151
929	1484
929	1111
929	870
929	906
929	8
929	429
903	1469
904	1472
1276	468
1233	626
1233	777
1233	965
1233	1469
1233	1120
379	998
379	483
379	1017
379	1445
379	323
379	1379
379	87
379	1367
379	1432
898	483
898	87
379	848
379	118
898	1432
898	1316
898	86
898	848
898	249
379	324
898	441
898	1149
898	801
898	1462
898	1490
898	969
898	298
898	1076
898	1548
898	756
898	1282
898	220
898	1590
898	1004
898	1315
898	112
898	894
898	380
898	1069
898	1541
898	99
898	831
898	983
898	765
898	204
898	1569
898	56
898	1388
898	901
898	1464
898	1029
898	948
898	1204
898	1182
898	1044
898	812
379	249
898	935
898	1567
898	1145
898	660
898	743
898	549
379	340
379	441
379	1149
379	663
379	1462
379	1490
379	969
379	1155
379	1022
379	298
379	12
379	1076
379	1548
379	1254
880	483
880	1432
880	86
880	848
880	249
880	441
880	1149
880	1462
880	1490
880	969
880	298
880	1076
880	1548
880	756
880	1282
379	756
880	220
880	1590
880	1004
880	1315
880	112
880	380
880	1069
880	1541
880	127
880	99
880	831
880	983
880	765
880	204
379	586
880	1569
880	56
880	1388
880	901
880	1464
880	1029
880	948
880	1204
880	1182
880	1044
880	812
880	935
880	1567
379	155
880	1145
880	660
880	743
880	549
379	1282
379	1102
379	1547
379	220
379	454
379	676
379	1052
379	1590
379	862
379	1004
379	1226
379	592
379	90
379	965
379	328
379	1400
379	1271
379	1554
379	1603
379	1406
379	570
379	1160
379	1393
379	112
379	170
379	880
379	896
379	367
379	1597
379	1385
379	380
379	1069
379	1492
379	1365
379	738
379	1541
379	299
379	1361
379	464
379	778
379	850
379	1577
379	1172
379	359
379	99
379	540
379	831
379	795
379	983
379	642
379	765
379	1270
379	204
379	113
379	1089
379	1569
379	56
379	841
379	1177
379	1388
379	1583
379	893
379	901
379	1065
379	1464
379	1029
379	948
379	1204
379	1389
379	1184
379	1182
379	1000
379	1044
379	934
379	812
379	1568
379	733
379	1142
379	294
379	1540
379	935
379	1567
379	1187
379	871
379	92
379	1143
379	1427
379	57
379	1221
379	1145
379	955
379	1312
379	660
379	743
379	237
379	549
1181	768
1181	1348
1181	1471
1344	890
1344	1245
1344	1573
1286	1573
896	207
896	592
887	1232
887	1439
887	1348
887	450
367	519
367	1208
367	101
367	1040
367	483
367	288
367	1114
367	107
367	87
367	1390
367	324
367	883
367	1402
367	913
367	758
367	143
367	1472
367	526
367	918
367	1071
367	1155
367	632
367	1022
367	1333
367	463
367	834
367	933
367	172
367	908
367	173
367	833
367	1232
367	38
367	997
367	1589
367	166
367	1532
367	520
367	1197
367	1159
367	388
367	1413
367	863
367	1406
367	1012
367	565
367	894
367	904
367	880
367	1366
367	1286
367	701
367	813
367	887
367	471
367	984
367	1180
367	1385
367	40
367	82
367	29
367	465
367	517
367	1585
367	1541
367	1570
367	299
367	711
367	704
367	1138
367	144
367	464
367	1086
367	924
367	1172
367	817
367	99
367	1314
367	1517
367	1034
367	1133
367	815
367	1473
367	374
367	661
367	1496
367	1471
367	389
367	897
367	1031
367	34
367	9
367	1177
367	1388
367	1588
367	194
367	1097
367	103
367	318
367	315
367	901
367	779
367	1066
367	1179
367	169
367	1369
367	418
367	273
367	773
367	422
367	200
367	664
367	175
367	1130
367	584
367	886
367	492
367	1377
367	935
367	619
367	1091
367	57
367	650
367	409
367	993
367	641
367	910
367	1253
367	1353
367	466
367	633
367	745
367	708
367	636
367	922
367	1347
984	768
984	188
984	367
984	103
984	189
984	664
984	1131
1213	87
1213	768
1213	1199
468	1276
468	1147
468	725
468	142
468	67
468	649
342	768
342	617
342	1507
342	874
342	379
342	1181
342	778
342	1348
342	815
342	1471
342	1574
342	1571
342	0
1147	468
725	468
725	895
725	387
142	335
142	324
142	1096
142	254
142	1382
142	1604
142	756
142	586
142	21
142	997
142	676
142	20
142	241
142	207
142	592
142	90
142	571
142	1392
142	124
142	1233
142	1180
142	468
142	895
142	1308
142	716
142	144
142	10
142	516
142	171
142	1471
142	1193
142	893
142	901
142	1528
142	1464
142	1029
142	1245
142	1136
142	387
142	664
142	1229
142	584
142	1131
142	935
142	390
142	1002
142	1527
142	939
142	538
142	932
67	468
895	725
895	142
895	812
1365	721
1365	722
1365	517
1209	127
517	721
517	722
517	1365
517	1395
517	127
927	127
738	768
1308	998
1308	1110
1308	438
1308	370
1308	495
1308	735
1308	414
1308	1375
1308	1379
1308	1390
1308	413
1308	1096
1308	1530
1308	768
1308	617
1308	789
1308	764
1308	918
1308	775
1308	108
1308	590
1308	1022
1308	463
1308	351
1308	756
1308	449
1308	586
1308	1468
1308	155
1308	173
1308	1225
1308	1282
1308	212
1308	997
1308	662
1308	1589
1308	1052
1308	767
1308	395
1308	518
1308	1212
1308	1532
1308	788
1308	241
1308	1509
1308	1409
1308	1271
1308	388
1308	525
1308	281
1308	1013
1308	1495
1308	1289
1308	30
1308	1304
1308	1470
1308	1169
1308	1167
1308	1166
1308	1165
1308	1162
1308	823
1308	425
1308	1287
1308	894
1308	658
1308	1518
1308	1344
1308	594
1308	813
1308	367
1308	11
1308	1597
1308	304
1308	469
1308	629
1308	465
1308	517
1308	1541
1308	582
1308	1308
1308	811
1308	236
1308	299
1308	711
1308	1361
1308	150
1308	376
1308	1185
1308	1138
1308	1331
1308	1240
1308	461
1308	1611
1308	1348
1308	1281
1308	612
1308	1124
1308	844
1308	817
1308	359
1308	497
1308	945
1308	1133
1308	765
1308	1028
1308	1575
1308	327
1308	815
1308	510
1308	774
1308	204
1308	1173
1308	705
1308	1496
1308	430
1308	269
1308	920
1308	350
1308	1388
1308	1588
1308	168
1308	1591
1308	1583
1308	654
1308	557
1308	1263
1308	1097
1308	102
1308	1206
1308	22
1308	779
1308	947
1308	1528
1308	344
1308	1574
1308	1029
1308	1573
1308	829
1308	1436
1308	169
1308	1389
1308	1122
1308	1184
1308	1183
1308	418
1308	1146
1308	255
1308	1368
1308	1399
1308	1521
1308	1176
1308	507
1308	1228
1308	1143
1308	394
1308	1323
1308	1307
1308	1306
1308	57
1308	846
1308	1279
1308	1145
1308	607
1308	358
1308	1478
1308	681
1308	742
1308	673
1308	660
1308	1354
1308	286
1308	1479
1308	1454
1308	1455
1308	1456
1308	201
1308	229
1308	349
741	1472
741	184
1570	207
1570	311
1570	738
1570	811
1570	1593
1570	1526
1570	901
1570	189
1570	192
811	207
811	1570
811	1331
811	1593
811	1526
811	612
811	1496
811	1438
811	901
811	189
811	192
283	1564
283	1041
283	1601
283	800
283	1096
283	1381
283	159
283	397
283	12
283	547
283	1148
283	833
283	306
283	38
283	1529
283	662
283	1609
283	228
283	5
283	1315
283	291
283	1509
283	141
283	667
283	530
283	589
283	222
283	1113
283	1273
283	1320
283	1265
283	364
283	1231
283	1170
283	1165
283	1392
283	125
283	904
283	1233
283	898
283	985
283	543
283	1213
283	1597
283	978
283	342
283	142
283	283
283	94
283	771
283	900
283	1314
283	114
283	866
283	10
283	111
283	248
283	982
283	381
283	1606
283	1112
283	332
283	341
283	1552
283	1186
283	654
283	1047
283	1280
283	901
283	957
283	1514
283	1584
283	344
283	890
283	1574
283	1179
283	1136
283	1175
283	726
283	729
283	1150
283	1612
283	618
283	1142
283	1499
283	294
283	630
283	1540
283	74
283	600
283	352
283	939
283	457
283	1580
283	1560
283	932
283	511
283	1218
236	12
236	1179
702	730
702	1601
702	219
702	1512
702	800
702	86
702	951
702	1539
702	1523
702	918
702	969
702	590
702	798
702	928
702	1504
702	346
702	1302
702	843
702	1556
702	1232
702	306
702	1052
702	1004
702	1315
702	458
702	128
702	28
702	791
702	141
702	827
702	1265
702	1220
702	1231
702	1024
702	565
702	570
702	420
702	1213
702	11
702	247
702	40
702	423
702	1541
702	582
702	1308
702	299
702	1095
702	1191
702	210
702	1138
702	1239
702	403
702	1124
702	703
702	48
702	1008
702	10
702	953
702	111
702	77
702	1133
702	332
702	23
702	1126
702	1350
702	867
702	1193
702	1588
702	748
702	1280
702	783
702	66
702	1514
702	717
702	1376
702	595
702	1574
702	1179
702	122
702	121
702	157
702	1444
702	148
702	180
702	1499
702	261
702	275
702	192
702	408
702	1580
702	1035
1264	1469
1095	800
1095	734
1095	70
1095	756
1095	988
1095	1556
1095	1589
1095	793
1095	1004
1095	1315
1095	667
1095	303
1095	1320
1095	502
1095	1013
1095	1116
1095	722
1095	565
1095	571
1095	572
1095	566
1095	568
1095	570
1095	1166
1095	1161
1095	749
1095	1344
1095	543
1095	415
1095	1138
1095	144
1095	1593
1095	700
1095	844
1095	900
1095	703
1095	10
1095	945
1095	68
1095	1487
1095	111
1095	1474
1095	705
1095	1582
1095	1053
1095	1025
1095	1514
1095	1066
1095	1224
1095	1568
1095	618
1095	1368
1095	1444
1095	1521
1095	1608
1095	363
1095	1427
1095	115
1095	925
1095	1279
1095	47
1095	1309
1095	1560
1095	989
147	570
147	68
147	1487
147	111
147	812
1300	453
81	953
94	1496
94	8
498	1185
1185	498
1138	1308
464	558
464	800
464	768
464	1533
464	1504
464	1336
464	950
464	1590
464	873
464	568
464	170
464	985
464	415
464	927
464	238
464	786
464	283
464	464
464	1140
464	700
464	1238
464	936
464	341
464	64
464	1193
464	901
464	1578
464	1584
464	1380
464	583
464	1328
464	1131
464	1466
464	409
1239	768
1239	1532
1239	238
1239	700
1239	1291
1239	1323
1331	811
1331	1593
1331	612
1331	1496
1331	1583
1331	1438
1331	189
1331	932
1593	207
1593	1570
1593	811
1593	1331
1593	1593
1593	1526
1593	612
1593	1496
1593	1438
1593	901
1593	189
1593	192
1593	932
1526	1570
1526	811
1526	1593
1526	1496
1526	901
1526	189
1526	192
1240	1308
461	1308
1611	1308
1611	890
1611	1245
778	1599
778	370
778	1114
778	734
778	692
778	1096
778	617
778	801
778	397
778	1155
778	12
778	843
778	447
778	95
778	1555
778	833
778	662
778	1423
778	207
778	667
778	388
778	1064
778	591
778	1088
778	1013
778	1265
778	1413
778	1603
778	1470
778	1167
778	1164
778	1394
778	362
778	1103
778	1233
778	718
778	304
179	768
179	801
179	1155
179	173
179	915
179	277
179	14
179	51
179	1056
778	342
778	142
778	465
778	238
778	738
778	811
778	299
778	1325
778	94
778	462
778	850
778	1172
778	127
778	474
778	596
778	703
778	1010
778	1034
778	51
778	1048
778	960
778	113
778	41
778	56
778	1360
778	1388
778	1588
778	194
778	470
778	400
778	1485
778	1206
778	1573
778	218
778	1066
778	946
778	418
778	1338
778	664
778	1521
778	180
778	1499
778	1091
778	677
778	580
778	92
778	1085
778	1372
778	846
778	1002
778	202
778	1145
778	1398
778	47
778	358
778	408
778	1580
778	633
778	746
778	538
778	237
1348	370
1348	414
1348	107
1348	1367
1348	1390
1348	413
1348	1096
1348	1322
1348	768
1348	1507
1348	851
1348	775
1348	108
1348	1022
1348	463
1348	1254
1348	843
1348	756
1348	1449
1348	149
1348	586
1348	1468
1348	155
1348	173
1348	212
1348	38
1348	439
1348	662
1348	1589
1348	1440
1348	1293
1348	1190
1348	1052
1348	1315
1348	395
1348	241
1348	1321
1348	1064
1348	525
1348	281
1348	1289
1348	1413
1348	30
1348	1304
1348	1470
1348	565
1348	568
1348	1169
1348	1167
1348	1166
1348	1165
1348	1162
1348	124
1348	425
1348	1287
1348	894
1348	754
1348	17
1348	1518
1348	594
1348	887
1348	367
1348	1597
1348	1203
1348	304
1348	468
1348	342
1348	738
1348	582
1348	1308
1348	811
1348	236
1348	299
1348	711
1348	1361
1348	94
1348	1185
1348	905
1348	184
1348	1138
1348	239
1348	1240
1348	461
1348	771
1281	80
1281	370
1281	1114
1281	414
1281	1301
1281	252
1281	107
1281	1379
1281	1367
1281	692
1281	70
1281	1390
1281	413
1281	628
1281	1322
1281	249
1281	768
1281	1507
1281	851
1281	801
1281	804
1281	775
1281	1072
1281	1073
1348	1124
1281	298
1281	351
1281	1254
1281	843
1281	149
1281	95
1281	449
1281	155
1281	38
1281	1262
1281	1589
1348	924
1281	1561
1348	127
1281	395
1281	1532
1281	788
1281	1509
1281	28
1281	1198
1281	271
1281	1064
1281	525
1281	1413
1281	30
1281	1406
1281	84
1281	1470
1281	889
1281	126
1281	425
1281	894
1281	1090
1281	1269
1281	1260
1281	898
1281	1344
1281	1286
1281	594
1281	813
1281	367
1281	1597
1281	1203
1281	304
1281	469
1281	978
1281	465
1281	1209
1281	582
1281	1308
1281	741
1281	811
1348	1154
1281	299
1281	711
1281	150
1281	498
1281	958
1281	1138
1281	239
1281	906
1281	403
1281	1240
1281	461
1281	1086
1281	1108
1281	1124
1281	127
1281	1003
1281	359
1281	1154
1281	703
1281	881
1281	1010
1348	99
1281	1081
1281	945
1281	550
1281	1133
1281	1374
1281	774
1281	659
1281	64
1281	402
1281	1037
1281	579
1281	1559
1281	389
1281	897
1281	269
1281	1350
1281	1186
1281	168
1281	194
1281	1591
1281	1583
1281	557
1281	1263
1281	1025
1281	1097
1281	22
1281	344
1281	1029
1281	1066
1281	1179
1281	187
1281	829
1281	1436
1281	1288
1281	169
1281	133
1281	1184
1281	418
1281	1146
1281	1368
1281	923
1281	1399
1281	857
1281	919
1281	33
1281	1060
1281	368
1281	1131
1281	979
1281	1291
1281	385
1281	1228
1281	183
1281	394
1281	1323
1281	1307
1281	1427
1281	1306
1281	57
1281	424
1281	1002
1281	202
1281	1279
1281	1145
1281	674
1281	358
1281	1527
1281	899
1281	681
1281	1451
1281	673
1281	1104
1281	1354
1281	286
1281	743
1281	1479
1281	349
1348	1010
1348	945
1348	1133
1348	1028
1348	1575
1348	327
1348	341
1348	774
1348	204
1348	430
1348	389
1348	897
1348	920
1348	350
1348	1186
1348	1388
1348	168
1348	1591
1348	654
1348	557
1348	1053
1348	901
1348	102
1348	22
1348	779
1348	1528
1348	393
1348	369
1348	344
1348	1574
1348	1029
1348	1573
1348	829
1348	1288
1348	133
1348	1184
1348	1183
1348	1146
1348	1150
1348	255
1348	1109
1348	583
1348	1612
1348	1368
1348	1399
1348	857
1348	85
1348	1130
1348	507
1348	385
1348	1228
1348	183
1348	871
1348	394
1348	1323
1348	1489
1348	57
1348	424
1348	202
1348	1079
1348	674
1348	358
1348	457
1348	673
1348	660
1348	1560
1348	286
1348	743
1348	229
1348	989
1348	349
612	80
612	800
612	172
612	620
612	311
612	1308
612	811
612	1331
612	1593
612	612
612	1610
612	945
612	1496
612	1583
612	654
612	478
612	901
612	189
612	1389
612	133
612	494
612	1377
612	47
612	1461
1124	136
1124	114
1124	1081
1124	1177
1124	1176
500	114
500	1496
500	470
700	1539
700	911
700	173
700	915
700	1006
700	238
700	808
700	464
700	1239
700	174
700	700
700	971
700	359
700	1184
700	1377
1577	250
1577	262
1577	1293
1577	1315
1577	592
1577	328
1577	1321
1577	274
1577	566
1577	568
1577	1165
1577	1287
1577	921
1577	703
1577	748
1577	1514
1577	733
1577	1229
1577	1142
1577	92
921	250
921	262
921	1293
921	328
921	1321
921	274
921	566
921	568
921	1165
921	1287
921	1577
921	703
921	1514
921	733
921	1229
921	1142
921	92
1395	331
1395	1463
1395	1532
1395	1420
1395	1166
127	87
127	1472
127	843
127	880
127	927
127	1209
127	517
127	540
127	1303
1395	517
1395	1112
1395	1179
1395	187
1395	1070
1395	955
1395	1294
1395	358
1395	709
817	1017
817	969
817	695
817	1315
817	842
817	18
817	738
817	970
817	136
817	641
343	998
343	1599
343	1017
343	1370
343	680
343	1304
343	738
343	1610
343	1575
343	1360
343	1583
343	110
343	387
1610	612
1610	343
1610	1583
1610	110
1610	1131
1003	1496
1003	1323
359	700
1511	519
1511	655
1511	118
1511	590
1511	12
1511	463
1511	843
1511	988
1511	1262
1511	274
1511	84
1511	842
1511	231
1511	566
1511	1111
1511	1286
1511	11
1511	247
1511	142
1511	210
1511	808
1511	94
1511	1046
1511	1511
1511	398
1511	642
1511	223
1511	332
1511	300
1511	103
1511	1574
1511	451
1511	1389
1511	121
1511	1369
1511	1447
1511	1433
1511	31
1511	1187
1511	1475
1511	1279
819	519
819	655
819	118
819	590
819	463
819	843
819	274
819	842
819	231
819	566
819	1111
819	1286
819	247
819	142
819	210
819	94
819	1511
819	642
819	223
819	332
819	300
819	1574
819	121
819	1433
819	31
819	1187
819	1475
819	1279
398	519
398	655
398	843
398	842
398	231
398	112
398	247
398	94
398	1511
398	223
398	1496
398	300
398	103
398	1574
398	451
398	1389
398	1369
398	1433
398	31
1607	1562
1607	1398
1469	832
1469	1601
1469	800
1469	1096
1469	1134
1469	913
1469	617
1469	298
1469	547
1469	576
1469	95
1469	1102
1469	100
1469	1074
1469	1293
1469	914
1469	89
1469	766
1469	1004
1469	527
1469	965
1469	28
1469	1414
1469	222
1469	873
1469	396
1469	1014
1469	1394
1469	1392
1469	892
1469	903
1469	984
1469	67
1469	702
1469	184
1469	144
1469	924
1469	1172
1469	312
1469	703
1469	111
1469	983
1469	615
1469	1360
1469	1388
1469	1588
1469	1505
1469	7
1469	729
1469	1447
1469	1408
1469	1000
1469	494
1469	1568
1469	1612
1469	1608
1469	261
1469	191
1469	1446
1469	750
1469	955
1469	593
1154	312
116	326
691	66
136	1124
136	881
136	1384
136	48
136	1471
136	1388
136	103
136	1485
136	66
136	1369
881	136
881	1384
881	48
881	1471
881	1388
881	1121
881	103
881	1485
1384	136
1384	881
1384	48
1384	1471
1384	1388
1384	103
1384	1485
48	136
48	881
48	1384
48	1471
48	1388
48	103
48	1485
48	1204
540	127
953	81
953	1496
1081	123
1081	87
1081	848
1081	118
1081	913
1081	663
1081	477
1081	1536
1081	1241
1081	843
1081	1449
1081	666
1081	1262
1081	574
1081	291
1081	1166
1081	1160
1081	292
1081	415
1081	811
1081	236
1081	144
1081	1124
1081	1172
1081	1003
1081	398
1081	1525
1081	893
1081	161
1081	1227
1081	1206
1081	717
1081	393
1081	1030
1081	1130
1081	1131
1081	1194
1081	74
1081	1613
1081	1151
1081	1483
1081	456
1081	709
1081	638
945	612
945	1496
68	565
68	571
68	568
68	570
68	1164
68	1161
68	125
68	1095
68	147
68	1474
68	1574
68	1029
68	1571
68	1608
1487	571
1487	1095
1487	147
1487	1474
111	570
111	1165
111	1161
111	1394
111	125
111	124
111	1095
111	147
111	1474
1112	1395
1112	812
332	397
1028	1308
1028	1348
1028	171
1028	322
1028	8
1028	1184
1028	7
1028	1183
1028	1182
1028	845
1028	1131
1028	955
1575	1336
1575	502
1575	1308
1575	1348
1575	343
1575	171
1575	8
1575	1184
1575	7
1575	1183
1575	1182
1575	845
1575	1131
327	1111
327	1308
327	1348
327	1583
327	8
327	7
327	1183
327	1182
327	845
815	342
815	171
815	1583
815	8
815	1184
815	7
815	1183
815	1182
815	845
815	1131
1243	1547
1243	812
1243	1131
341	617
341	12
341	1609
341	1226
341	592
341	82
341	1000
1474	519
1474	1095
1474	68
1474	111
1474	1574
1474	1029
1474	1571
171	1028
171	1575
171	815
64	587
64	865
64	832
64	414
64	800
64	159
64	1018
64	545
64	768
64	758
64	242
64	775
64	1155
64	361
64	1604
64	346
64	1336
64	1598
64	1449
64	149
64	1556
64	586
64	1277
64	1589
64	1293
64	72
64	484
64	862
64	634
64	15
64	1315
64	599
64	1197
64	1237
64	1423
64	28
64	104
64	1546
64	1159
64	303
64	1271
64	222
64	1320
64	1406
64	396
64	1470
64	842
64	874
64	231
64	571
64	572
64	570
64	1165
64	1164
64	1161
64	1391
64	170
64	1287
64	14
64	1260
64	903
64	904
64	1276
64	880
64	1482
64	718
64	468
64	342
64	725
64	1069
64	786
64	283
64	299
64	1095
64	210
64	94
64	732
64	464
64	906
64	403
64	1348
64	971
64	970
64	372
64	1469
64	703
64	114
64	1008
64	10
64	831
64	1081
64	111
64	982
64	1606
64	223
64	332
64	341
64	224
64	1126
64	64
64	402
64	579
64	59
64	1486
64	1552
64	1193
64	56
64	1388
64	49
64	400
64	259
64	783
64	1578
64	1514
64	6
64	595
64	1574
64	1029
64	1245
64	1174
64	740
64	1109
64	1612
64	733
64	1399
64	1521
64	442
64	710
64	1152
64	1328
64	139
64	261
64	1292
64	140
64	1377
64	132
64	750
64	1475
64	1143
64	739
64	275
64	1057
64	1460
64	1419
64	192
64	552
64	1543
64	1309
64	1396
64	1560
64	329
64	237
64	229
64	1087
661	800
661	159
661	1018
661	775
661	361
661	346
661	1449
661	149
661	1556
661	1277
661	1589
661	634
661	1237
661	1423
661	1159
661	1320
661	1470
661	874
661	571
661	1164
661	718
661	468
661	342
661	299
661	210
661	114
661	1081
661	982
661	402
661	1486
661	1193
661	1388
661	1578
661	1514
661	1574
661	740
661	1109
661	1152
661	261
661	1292
661	1377
661	739
661	192
661	229
661	1087
402	1041
402	414
402	87
402	1225
402	42
402	291
402	1546
402	1320
402	1116
402	396
402	874
402	568
402	1393
402	903
402	1233
402	462
402	900
402	703
402	381
402	73
402	259
402	1429
402	1245
402	1182
402	1612
402	1056
402	1045
1496	1040
1496	414
1496	1026
1496	123
1496	801
1496	810
1496	338
1496	806
1496	12
1496	917
1496	1440
1496	620
1496	1509
1496	1430
1496	965
1496	311
1496	502
1496	874
1496	425
1496	367
1496	984
1496	1203
1496	1308
1496	811
1496	150
1496	94
1496	1331
1496	1593
1496	1526
1496	179
1496	500
1496	1003
1496	398
1496	953
1496	945
1496	470
1496	1591
1496	1097
1496	901
1496	1578
1496	189
1496	717
1496	322
1496	1029
1496	1066
1496	849
1496	1179
1496	0
1496	1389
1496	133
1496	1068
1496	205
1496	919
1496	180
1496	956
1496	1070
1496	1323
1496	275
1496	770
1496	925
1496	728
1496	192
1496	955
1496	456
1496	990
1496	229
1471	764
1471	916
1471	500
1471	136
1471	881
1471	1384
1471	48
1471	374
1471	1388
1471	103
1471	1485
1471	66
579	768
579	64
59	1505
1552	768
1552	801
1552	1177
1552	1141
1177	519
1177	1021
1177	1190
1177	1004
1177	1364
1177	565
1177	568
1177	1170
1177	1181
1177	137
1177	1124
1177	828
1177	1552
1177	1089
1177	1177
1177	103
1177	110
1177	1521
1177	597
1177	92
1177	899
1388	1021
1388	1600
1388	1004
1388	1364
1388	1170
1388	1166
1388	125
1388	137
1388	136
1388	881
1388	1384
1388	48
1388	1496
1388	1471
1388	1177
1388	103
1388	1485
1388	392
1388	597
470	1449
470	1348
470	500
470	99
470	1496
470	451
1591	104
1591	1496
1591	387
1583	1488
1583	1370
1583	188
1583	680
1583	775
1583	1449
1583	235
1583	1007
1583	1304
1583	1391
1583	1356
1583	760
1583	379
1583	1365
1583	738
1583	1331
1583	778
1583	612
1583	1610
1583	327
1583	815
1583	1473
1583	1360
1583	9
1583	1177
1583	694
1583	1583
1583	654
1583	315
1583	110
1583	1029
1583	1573
1583	829
1583	1389
1583	1122
1583	1369
1583	845
1583	205
1583	871
1583	943
654	185
654	1472
654	612
654	343
654	1610
654	654
478	612
478	122
893	1252
893	533
893	86
893	1523
893	211
893	1333
893	1332
893	843
893	586
893	830
893	1225
893	1440
893	679
893	1321
893	803
893	1320
893	1231
893	84
893	571
893	572
893	570
893	1392
893	1356
893	825
893	1319
893	382
893	1140
893	1395
893	1172
893	1607
893	703
893	881
893	1081
893	516
893	77
893	501
893	332
893	1374
893	341
893	1270
893	1471
893	1037
893	960
893	113
893	1193
893	1591
893	893
893	300
893	1188
893	1097
893	957
893	1514
893	1584
893	203
893	902
893	1475
893	1285
893	424
893	1221
893	660
893	744
893	636
1438	1181
103	1601
103	1017
103	1507
103	448
103	188
103	5
103	1304
103	367
103	984
103	1511
103	398
103	136
103	881
103	1384
103	48
103	374
103	1471
103	1177
103	1388
103	1485
103	451
103	1389
103	1369
103	618
103	664
103	1521
103	899
1485	1017
1485	448
1485	136
1485	881
1485	1384
1485	48
1485	1471
1485	1388
1485	103
1485	1521
66	1017
66	448
66	691
66	136
66	1471
66	1521
901	1570
901	811
901	1593
901	1526
901	612
901	1496
901	189
901	2
901	192
957	189
1578	1496
1578	189
189	414
189	1551
189	311
189	984
189	1570
189	811
189	1331
189	1593
189	1526
189	612
189	901
189	957
189	1578
189	1066
189	1184
189	1313
189	770
189	728
189	955
189	47
890	414
890	1432
890	965
890	170
890	1235
890	1344
890	738
890	283
890	1611
890	1571
890	1245
890	1573
890	451
890	115
1574	1155
1574	915
1574	277
1574	965
1574	342
1574	738
1574	283
1574	702
1574	1348
1574	68
1574	341
1574	1474
1574	1438
1574	393
1574	1571
1574	1030
1574	1573
1574	1389
1574	857
1574	664
1574	85
1574	115
1029	809
1029	1472
1029	188
1029	1405
1029	1155
1029	915
1029	277
1029	965
1029	1304
1029	1287
1029	898
1029	880
1029	82
1029	738
1029	1308
1029	68
1029	341
1029	1474
1029	1496
1029	393
1029	1571
1029	1030
1029	1389
1029	1068
1029	857
1029	664
1029	85
1571	768
1571	188
1571	242
1571	1155
1571	915
1571	277
1571	599
1571	520
1571	965
1571	199
1571	1537
1571	502
1571	842
1571	170
1571	1235
1571	342
1571	738
1571	184
1571	1348
1571	68
1571	341
1571	1474
1571	393
1571	890
1571	1574
1571	1029
1571	1571
1571	1245
1571	451
1571	1389
1571	1109
1571	583
1571	1612
1571	857
1571	1056
1571	1521
1571	175
1571	1291
1571	1323
1245	1432
1245	170
1245	1235
1245	1344
1245	738
1245	1611
1245	1438
1245	890
1245	1571
1245	1573
1245	115
1030	890
1030	1574
1030	1029
1030	1245
1030	1573
1030	740
1573	1155
1573	15
1573	889
1573	1344
1573	1286
1573	890
1573	1574
1573	1245
1573	1030
1573	1505
1573	1184
1066	414
1066	1445
1066	1092
1066	1496
1066	1438
1066	189
1066	849
1066	451
1066	1179
849	414
849	1496
849	1438
849	1066
849	451
849	1179
451	1601
451	1017
451	414
451	448
451	5
451	965
451	1304
451	1511
451	398
451	99
451	374
451	470
451	103
451	890
451	1571
451	1066
451	849
451	1179
451	1389
451	1122
451	1369
451	618
1179	414
1179	249
1179	1440
1179	236
1179	1395
1179	866
1179	1496
1179	1438
1179	1066
1179	849
1179	451
1179	812
187	862
187	842
187	973
187	958
187	184
187	1395
187	99
187	1029
187	1571
187	664
187	1291
187	92
0	1537
0	1496
0	1109
0	583
0	1612
1204	12
1204	21
1204	1059
1204	99
1204	48
1389	789
1389	88
1389	801
1389	242
1389	854
1389	12
1389	1254
1389	1604
1389	173
1389	676
1389	1600
1389	1275
1389	281
1389	759
1389	1098
1389	738
1389	464
1389	907
1389	970
1389	1511
1389	398
1389	550
1389	1583
1389	1280
1389	103
1389	1574
1389	1029
1389	1571
1389	451
1389	1369
1389	1505
1389	1184
1389	1016
1389	696
1389	1131
1389	92
1389	1323
1389	429
1174	1174
122	1604
122	1600
122	367
122	184
122	1496
122	717
122	122
122	1323
1122	1511
1122	398
1122	1583
1122	103
1122	451
1122	1389
1122	1369
1369	70
1369	1511
1369	398
1369	136
1369	103
1369	451
1369	1389
1369	1122
1369	1505
1369	233
1505	519
1505	145
1505	1208
1505	769
1505	1493
1505	1422
1505	87
1505	70
1505	1488
1505	1018
1505	242
1505	361
1505	63
1505	1333
1505	43
1505	1504
1505	346
1505	586
1505	155
1505	981
1505	212
1505	38
1505	1614
1505	1440
1505	1565
1505	1609
1505	634
1505	1275
1505	1237
1505	858
1505	28
1505	354
1505	222
1505	1064
1505	502
1505	1364
1505	30
1505	569
1505	570
1505	1160
1505	916
1505	425
1505	1235
1505	898
1505	1385
1505	304
1505	1095
1505	391
1505	144
1505	732
1505	464
1505	1239
1505	403
1505	174
1505	500
1505	1577
1505	127
1505	214
1505	1469
1505	177
1505	1337
1505	703
1505	881
1505	10
1505	1010
1505	516
1505	224
1505	204
1505	59
1505	615
1505	1023
1505	49
1505	1097
1505	66
1505	901
1505	1514
1505	1573
1505	1369
1505	726
1505	822
1505	1608
1505	1038
1505	1475
1505	943
1505	1143
1505	1323
1505	115
1505	899
1505	556
1505	487
1505	229
133	612
133	1496
8	519
8	1215
8	26
8	87
8	151
8	777
8	1370
8	340
8	441
8	768
8	617
8	1507
8	775
8	621
8	1533
8	1302
8	796
8	1468
8	833
8	454
8	297
8	1412
8	1600
8	72
8	950
8	1315
8	154
8	1159
8	1484
8	274
8	566
8	1167
8	1166
8	1162
8	1161
8	420
8	870
8	929
8	1103
8	379
8	984
8	725
8	1352
8	738
8	94
8	1138
8	144
8	906
8	1593
8	1348
8	1395
8	974
8	1028
8	1575
8	327
8	815
8	1473
8	659
8	91
8	1223
8	841
8	1388
8	470
8	333
8	302
8	1227
8	901
8	1514
8	1573
8	829
8	157
8	8
8	1184
8	1183
8	1182
8	845
8	387
8	1060
8	1499
8	1194
8	611
8	871
8	943
8	1143
8	1419
8	639
8	673
8	538
8	1127
1184	519
1184	1493
1184	780
1184	1445
1184	1215
1184	26
1184	777
1184	1370
1184	441
1184	1472
1184	188
1184	621
1184	12
1184	1533
1184	1332
1184	1021
1184	1302
1184	1449
1184	305
1184	220
1184	454
1184	1074
1184	662
1184	1007
1184	676
1184	297
1184	1412
1184	950
1184	291
1184	520
1184	1237
1184	858
1184	90
1184	1413
1184	889
1184	566
1184	1167
1184	1166
1184	1162
1184	1392
1184	420
1184	1111
1184	379
1184	984
1184	1597
1184	380
1184	415
1184	725
1184	1352
1184	738
1184	1138
1184	144
1184	1281
1184	700
1184	1395
1184	372
1184	136
1184	703
1184	497
1184	1606
1184	1028
1184	1575
1184	327
1184	815
1184	1473
1184	91
1184	1223
1184	1388
1184	302
1184	1227
1184	189
1184	268
1184	1514
1184	1571
1184	1573
1184	829
1184	157
1184	8
1184	1183
1184	845
1184	1447
1184	387
1184	1109
1184	1068
1184	857
1184	1521
1184	598
1184	1499
1184	1194
1184	871
1184	92
1184	943
1184	1143
1184	409
1184	1460
1184	639
1184	673
1184	523
1184	538
1184	229
1184	1127
1184	1461
7	1215
7	777
7	1370
7	768
7	617
7	1507
7	621
7	1533
7	1302
7	1547
7	454
7	297
7	1412
7	950
7	566
7	1167
7	1166
7	1162
7	420
7	1111
7	379
7	984
7	725
7	1352
7	1138
7	144
7	1348
7	1395
7	1028
7	1575
7	327
7	815
7	1473
7	1388
7	302
7	1227
7	1514
7	829
7	157
7	1183
7	387
7	1499
7	943
7	1143
7	673
1183	1215
1183	1488
1183	777
1183	1370
1183	249
1183	768
1183	617
1183	1507
1183	1425
1183	918
1183	621
1183	1533
1183	1021
1183	1302
1183	1468
1183	1547
1183	454
1183	1614
1183	21
1183	676
1183	297
1183	1412
1183	623
1183	950
1183	1590
1183	634
1183	518
1183	1212
1183	328
1183	222
1183	1495
1183	1220
1183	565
1183	572
1183	566
1183	1167
1183	1166
1183	1162
1183	420
1183	1111
1183	1260
1183	379
1183	984
1183	304
1183	380
1183	725
1183	1352
1183	927
1183	1264
1183	1325
1183	706
1183	707
1183	81
1183	1138
1183	144
1183	464
1183	1348
1183	1395
1183	10
1183	1602
1183	1133
1183	1028
1183	1575
1183	327
1183	815
1183	1473
1183	960
1183	615
1183	1388
1183	1588
1183	371
1183	302
1183	1227
1183	1438
1183	1485
1183	1514
1183	344
1183	1573
1183	966
1183	157
1183	1183
1183	1182
1183	387
1183	1056
1183	1499
1183	74
1183	1613
1183	943
1183	1143
1183	1483
1183	1002
1183	115
1183	657
1183	1221
1183	639
1183	673
1183	1118
1183	1461
1182	1215
1182	777
1182	1370
1182	768
1182	1507
1182	621
1182	1533
1182	1302
1182	1468
1182	1547
1182	454
1182	297
1182	1412
1182	950
1182	328
1182	566
1182	1167
1182	1166
1182	1162
1182	1161
1182	1393
1182	420
1182	1111
1182	379
1182	984
1182	725
1182	1352
1182	1264
1182	1325
1182	1138
1182	144
1182	464
1182	1348
1182	1395
1182	248
1182	974
1182	1028
1182	1575
1182	327
1182	815
1182	1473
1182	1388
1182	302
1182	1227
1182	1514
1182	829
1182	157
1182	8
1182	1183
1182	1447
1182	387
1182	1408
1182	1084
1182	1499
1182	1613
1182	943
1182	1143
1182	673
1182	1157
1182	1118
1182	1461
845	1215
845	777
845	1370
845	768
845	617
845	1507
845	621
845	1533
845	1302
845	454
845	297
845	1412
845	950
845	559
845	566
845	1167
845	1166
845	1162
845	420
845	1111
845	379
845	984
845	1403
845	725
845	1352
845	1138
845	144
845	1348
845	1395
845	1133
845	1028
845	1575
845	327
845	815
845	1473
845	1388
845	302
845	1227
845	1514
845	829
845	157
845	8
845	1184
845	1183
845	845
845	387
845	1378
845	1550
845	1499
845	943
845	1143
845	673
1338	812
387	1005
387	207
387	592
387	1287
387	476
387	725
387	142
387	343
387	1591
387	1044
1447	655
1447	1096
1447	1132
1408	1469
1408	943
1000	866
1000	341
494	1537
494	612
494	1469
1150	1243
740	1030
1447	129
1044	1116
1044	873
1044	170
1044	420
1044	1235
1044	387
1044	1044
1044	812
1044	1568
1044	1291
812	599
812	1116
812	873
812	1287
812	420
812	895
812	147
812	378
812	1112
812	835
812	1243
812	1179
812	1338
812	387
812	1044
812	812
812	1568
812	261
812	1285
812	1294
812	358
1568	873
1568	170
1568	379
1568	1044
1568	812
1568	1568
1109	768
1109	617
1109	1507
1109	379
1109	1181
583	768
583	617
583	1507
583	420
583	379
583	1181
583	1348
583	1471
583	1571
583	0
1612	768
1612	617
1612	1507
1612	379
1612	1181
1612	1348
1612	1471
1612	1571
1612	0
1109	1348
1109	1471
1109	1571
1109	0
1447	480
1447	1504
1447	1449
618	103
618	451
1368	30
1447	305
1368	1368
1399	664
857	173
857	1348
857	1574
857	1029
857	1571
1056	768
1056	801
1056	1472
1056	173
1056	421
1056	1225
1056	915
1056	277
1056	179
1056	1348
1056	1571
1056	261
1056	233
205	1496
1521	145
1521	625
1521	324
1521	279
1521	758
1521	547
1521	917
1521	346
1521	222
1521	1169
1521	1287
1521	825
1521	14
1521	781
1521	29
1521	1541
1521	1264
1521	99
1521	1133
1521	1486
1521	1177
1521	103
1521	1485
1521	66
1521	1571
1521	1192
1521	133
1521	1521
1521	175
1521	202
175	1571
175	1521
1447	1013
1447	1129
1447	565
1447	1167
1447	1391
1176	1124
1447	1287
1447	360
1447	1597
1447	468
1608	1614
1608	1095
1608	68
598	1184
1447	1086
1447	372
1447	48
1447	1008
1447	795
180	1496
902	12
902	1315
956	1496
1447	1061
1447	960
1131	1493
1131	414
1131	768
1131	1100
1131	188
1131	663
1131	397
1131	1462
1131	480
1131	1504
1131	1551
1131	1589
1131	1440
1131	1190
1131	1412
1131	1135
1131	1237
1131	328
1131	1321
1131	667
1131	1113
1131	759
1131	1413
1131	1304
1131	569
1131	1170
1131	1167
1131	1391
1131	125
1131	1235
1131	760
1131	1090
1131	1260
1131	984
1131	29
1131	738
1131	464
1131	372
1131	1610
1131	866
1131	1133
1131	44
1131	1028
1131	1575
1131	815
1131	1243
1131	455
1131	1193
1131	1186
1131	1280
1131	259
1131	117
1131	315
1131	1578
1131	1065
1131	829
1131	1389
1131	122
1131	133
1131	8
1131	418
1131	583
1131	1368
1131	1399
1131	1521
1131	1176
1131	822
1131	1130
1131	1291
1131	1194
1131	74
1131	1294
1131	358
1131	637
1131	932
1131	285
261	1336
261	1161
261	812
261	1056
261	261
1447	1184
1447	1182
1447	1612
1447	1433
1447	46
1447	1377
1291	1216
1291	1239
1291	1571
1291	187
1291	1044
1447	1143
1447	409
1447	456
1447	487
1447	1157
1447	229
1447	522
1070	412
1070	1395
1070	1496
1194	917
74	998
74	1576
74	438
74	558
74	1114
74	107
74	1096
74	1322
74	951
74	340
74	242
74	1072
74	1073
74	1468
74	235
74	1225
74	71
74	271
74	1413
74	30
74	568
74	1167
74	1166
74	1165
74	1161
74	124
74	1260
74	367
74	1213
74	1597
74	1342
74	415
74	1403
74	67
74	465
74	895
74	582
74	711
74	210
74	239
74	464
74	461
74	1611
74	127
74	1154
74	312
74	596
74	727
74	945
74	1133
74	815
74	51
74	659
74	402
74	269
74	920
74	1350
74	1186
74	1388
74	1591
74	259
74	1025
74	1485
74	315
74	22
74	1528
74	344
74	187
74	1288
74	418
74	1368
74	1131
74	507
74	610
74	1446
74	1228
74	390
74	787
74	202
74	1145
74	1527
74	237
677	998
677	951
677	242
677	1161
677	1611
1151	1280
1085	843
394	1141
1323	1158
1323	1375
1323	70
1323	325
1323	768
1323	804
1323	917
1323	756
1323	1555
1323	586
1323	484
1323	527
1323	28
1323	1546
1323	1400
1323	303
1323	388
1323	502
1323	1304
1323	571
1323	572
1323	568
1323	1164
1323	125
1323	18
1323	736
1323	1363
1323	961
1323	786
1323	1361
1323	1003
1323	819
1323	398
1323	177
1323	1034
1323	1061
1323	327
1323	341
1323	1496
1323	615
1323	1582
1323	1193
1323	9
1323	1588
1323	1591
1323	1571
1323	451
1323	122
1323	1505
1323	1137
1323	1399
1323	664
1323	864
1323	1194
1323	677
1323	1151
1323	1141
1323	1323
1323	115
1323	1279
1323	1145
1323	221
1323	671
1323	1396
1323	466
1323	1560
1323	487
1323	1118
1323	745
1323	237
1323	990
1323	229
1323	349
275	1496
429	929
429	1348
429	1389
1483	1483
770	1496
770	189
1535	92
115	890
115	1574
115	1245
925	1496
647	1255
728	1496
728	189
192	1570
192	811
192	1593
192	1526
192	1496
192	901
955	1395
955	1028
955	1496
955	189
955	955
1398	1607
1398	744
233	663
233	1369
233	1056
233	358
1294	1405
1294	1395
1294	812
47	801
47	189
641	817
358	526
358	199
358	572
358	566
358	124
358	778
358	1395
358	812
358	1131
358	233
670	1161
1309	149
899	1177
899	103
649	468
456	1496
709	942
709	1395
190	99
190	190
744	1398
932	207
932	592
932	199
932	1537
932	1331
932	1593
237	1208
237	1576
237	1110
237	337
237	101
237	438
237	80
237	769
237	1445
237	1375
237	1215
237	1390
237	413
237	1132
237	951
237	83
237	913
237	768
237	143
237	851
237	763
237	801
237	1562
237	680
237	1298
237	804
237	108
237	477
237	912
237	590
237	810
237	12
237	361
237	713
237	463
237	917
237	1548
237	1254
237	756
237	95
237	1555
237	173
237	100
237	1531
237	1589
237	1440
237	1190
237	1412
237	914
237	1371
237	1609
237	166
237	395
237	518
237	1212
237	620
237	154
237	445
237	339
237	1216
237	412
237	502
237	525
237	1013
237	1244
237	1413
237	1304
237	1470
237	528
237	874
237	888
237	959
237	1356
237	112
237	425
237	1287
237	479
237	693
237	1233
237	880
237	1518
237	543
237	594
237	887
237	627
237	1363
237	772
237	1355
237	1209
237	1585
237	741
237	270
237	702
237	299
237	707
237	1361
237	150
237	382
237	94
237	1185
237	958
237	144
237	462
237	1331
237	1526
237	179
237	153
237	1199
237	1140
237	1124
237	1172
237	372
237	343
237	1610
237	1511
237	819
237	398
237	1154
237	450
237	99
237	596
237	881
237	540
237	497
237	945
237	550
237	44
237	332
237	1417
237	171
237	1566
237	402
237	1496
237	1443
237	389
237	615
237	1552
237	168
237	1023
237	1326
237	1583
237	557
237	1263
237	893
237	1227
237	779
237	309
237	1586
237	595
237	1574
237	1571
237	1573
237	1380
237	849
237	451
237	1179
237	948
237	55
237	829
237	1436
237	203
237	122
237	1122
237	1505
237	133
237	1338
237	575
237	1044
237	1109
237	1368
237	857
237	836
237	442
237	33
237	1407
237	368
237	272
237	886
237	492
237	507
237	630
237	762
237	1228
237	1070
237	1194
237	677
237	581
237	182
237	394
237	1141
237	1285
237	1372
237	275
237	770
237	787
237	1306
237	846
237	814
237	925
237	1079
237	1279
237	1419
237	955
237	1579
237	993
237	1398
237	233
237	641
237	805
237	1045
237	552
237	1503
237	910
237	852
237	1309
237	1527
237	671
237	1334
237	551
237	1312
237	604
237	899
237	649
237	681
237	466
237	672
237	660
237	709
237	645
237	286
237	190
237	523
237	499
237	745
237	1343
237	708
237	1387
237	555
237	743
237	554
237	237
237	1120
237	1219
237	285
237	593
237	349
990	325
990	1100
990	969
990	331
990	1059
990	1537
990	1216
990	503
990	1162
990	1161
990	1508
990	210
990	703
990	516
990	1112
990	171
990	1496
990	1506
990	1388
990	1584
990	890
990	451
990	133
990	1150
990	1612
990	46
990	785
990	31
229	1100
229	162
229	188
229	969
229	875
229	1504
229	20
229	1609
229	1059
229	1537
229	503
229	569
229	1162
229	1161
229	210
229	1172
229	1487
229	516
229	171
229	64
229	1496
229	1506
229	1089
229	1591
229	1584
229	1030
229	1447
229	934
229	1612
229	46
229	31
229	443
229	639
1120	1233
