1213	379
379	1213
1213	87
87	1213
1056	617
421	617
277	617
857	617
1348	617
913	617
1438	617
173	617
1216	617
1225	617
915	617
768	617
1138	461
461	1138
1132	1412
1412	1132
1471	374
890	1383
1204	464
464	1204
1204	1571
1571	1204
1204	1265
1204	1180
1204	12
12	1204
1204	943
943	1204
1204	1574
1574	1204
1204	367
367	1204
1204	159
1204	1496
1496	1204
1204	1291
1291	1204
1204	966
966	1204
1204	1029
1029	1204
1204	825
1204	0
0	1204
1204	99
99	1204
1204	1059
1059	1204
1204	951
951	1204
1204	1224
1224	1204
1096	207
207	1096
1096	1331
1331	1096
1096	896
896	1096
565	68
68	565
1389	1315
1315	1389
1389	74
74	1389
1389	1571
1571	1389
1389	429
429	1389
1389	1131
1131	1389
1389	98
98	1389
1389	1262
1262	1389
1389	379
379	1389
1389	677
677	1389
1389	1029
1029	1389
1389	728
728	1389
1389	661
661	1389
1389	1574
1574	1389
1389	12
12	1389
299	1044
1044	299
299	702
702	299
299	1539
299	1577
1577	299
299	1264
1264	299
299	812
812	299
299	921
921	299
299	1548
299	1568
1568	299
1377	1567
951	1192
1029	1155
664	1155
1574	1155
1262	728
728	1262
1262	1389
1389	1262
1262	661
661	1262
1262	98
98	1262
1262	1110
1110	1262
1181	840
1181	780
1181	583
583	1181
1181	343
343	1181
1181	342
342	1181
1181	181
1181	151
1181	1539
1181	1109
1109	1181
1181	911
1181	1548
1181	1612
1612	1181
1181	1568
1568	1181
1181	810
1162	1391
1150	1391
1394	1391
1393	1164
1164	1393
1393	568
568	1393
1393	1165
1165	1393
1393	1166
1166	1393
1393	1162
1162	1393
1393	125
125	1393
1393	1394
1394	1393
1393	569
569	1393
1164	1392
568	1392
1165	1392
1166	1392
125	1392
1167	1392
1394	1164
1164	1394
1394	568
568	1394
1394	1165
1165	1394
1394	1166
1166	1394
1394	1393
1393	1394
1394	1162
1162	1394
1394	1161
1161	1394
1394	125
125	1394
1394	569
569	1394
1394	111
111	1394
1394	1391
1394	1167
1167	1394
135	90
90	135
135	675
135	1505
1505	135
135	1359
135	592
592	135
135	387
387	135
135	978
135	1439
1439	135
135	1177
1177	135
135	1102
1102	135
135	207
207	135
135	812
812	135
135	1093
135	142
142	135
135	1438
1438	135
135	1092
1092	135
135	367
367	135
135	1287
1287	135
135	895
895	135
135	334
135	188
188	135
135	778
778	135
135	1184
1184	135
135	379
379	135
135	1577
1577	135
135	929
929	135
135	50
184	659
1471	374
1471	276
1471	1485
1485	1471
1471	103
103	1471
1471	66
66	1471
1471	1124
1124	1471
881	1121
881	144
664	969
664	184
184	664
664	1590
664	1571
1571	664
664	187
187	664
664	166
664	799
664	85
664	109
664	913
913	664
664	1115
664	516
664	1155
664	481
664	1131
1131	664
664	92
664	760
664	1573
1573	664
664	1184
1184	664
664	1539
664	265
664	82
664	1029
1029	664
664	825
664	925
925	664
664	22
664	1310
664	15
664	578
664	858
664	234
664	75
664	148
664	1599
664	1574
1574	664
664	1232
1232	664
664	1534
664	871
664	905
693	1550
693	132
693	379
379	693
693	8
8	693
1611	1308
1308	1611
505	1074
1074	505
505	1322
1322	505
1183	90
90	1183
1183	1359
1183	815
815	1183
1183	1348
1348	1183
1183	997
997	1183
1183	1102
1102	1183
1183	516
1183	1131
1131	1183
1183	1028
1028	1183
1183	1182
1182	1183
1183	1184
1184	1183
1183	327
327	1183
1183	768
768	1183
1183	7
7	1183
1183	825
1183	829
1183	1575
1575	1183
1183	845
845	1183
1183	380
1183	892
1183	8
8	1183
1183	929
929	1183
1183	738
738	1183
647	1255
184	810
343	810
1181	810
298	103
103	298
298	1177
1177	298
298	1388
1388	298
298	1485
1485	298
298	66
66	298
298	1604
815	1013
815	1131
1131	815
815	1182
1182	815
815	1183
1183	815
815	1184
1184	815
815	7
7	815
815	1039
1039	815
815	845
845	815
815	1331
1331	815
815	8
8	815
984	1348
1348	984
984	188
188	984
984	379
379	984
984	612
612	984
184	889
127	889
1131	889
1184	889
1432	889
893	817
817	893
893	879
879	893
917	1348
1348	917
917	760
917	1496
1496	917
917	1194
1194	917
917	1323
1323	917
1399	1472
1232	597
618	733
733	618
618	583
583	618
618	342
342	618
618	1612
1612	618
618	600
618	526
526	618
618	1109
1109	618
618	696
696	618
429	1308
1308	429
429	1348
1348	429
429	1389
1389	429
997	1183
1183	997
997	207
207	997
913	1333
1204	1180
1131	1180
420	812
812	420
5	318
5	18
1331	815
815	1331
1331	297
297	1331
1331	311
311	1331
1331	1538
1331	1194
1194	1331
1331	848
1331	1096
1096	1331
1331	500
500	1331
1331	1028
1028	1331
1331	811
811	1331
1331	105
105	1331
1331	1593
1593	1331
1331	440
440	1331
1331	899
899	1331
1331	1570
1570	1331
1331	901
901	1331
1331	1526
1526	1331
1331	189
189	1331
1331	327
327	1331
1430	154
154	1430
1430	321
1408	1469
1469	1408
761	765
761	1287
1287	761
761	526
526	761
551	553
212	1505
1505	212
212	738
738	212
212	38
38	212
664	109
1496	109
761	765
342	536
768	536
99	536
943	536
612	48
48	612
612	187
187	612
612	1531
612	1348
1348	612
612	1447
1447	612
612	1050
1050	612
612	1074
1074	612
612	1131
1131	612
612	951
951	612
612	367
367	612
612	1496
1496	612
612	1184
1184	612
612	484
612	1539
612	1233
1233	612
612	901
901	612
612	476
612	1068
612	189
189	612
612	965
965	612
612	114
612	984
984	612
612	172
172	612
612	935
612	47
47	612
612	0
0	612
612	1537
1537	612
612	494
494	612
612	88
612	887
887	612
612	1568
1568	612
612	415
415	612
612	738
738	612
612	229
229	612
738	77
738	96
566	1095
1095	566
784	1449
274	1449
1129	1449
99	1449
470	1449
915	617
915	179
179	915
915	1571
1571	915
915	801
915	1131
1131	915
915	764
915	1507
915	768
768	915
915	1056
1056	915
915	277
277	915
915	1029
1029	915
915	857
857	915
915	1472
915	1574
1574	915
915	173
173	915
592	387
387	592
592	1348
1348	592
592	913
913	592
592	1438
1438	592
592	895
895	592
592	1044
1044	592
592	476
592	932
932	592
592	896
896	592
592	104
104	592
592	1166
1166	592
592	135
135	592
592	812
812	592
592	142
142	592
592	676
676	592
592	725
725	592
1488	138
138	1488
1488	361
361	1488
1488	547
547	1488
1488	1085
1085	1488
1488	112
1488	1367
1367	1488
1488	576
576	1488
1488	1379
1379	1488
1488	843
843	1488
1488	70
70	1488
1488	12
12	1488
1488	123
123	1488
1469	1505
1505	1469
1469	1447
1447	1469
1469	207
207	1469
1469	791
1469	1408
1408	1469
1469	46
1469	951
951	1469
1469	1496
1496	1469
1469	451
451	1469
1469	1233
1233	1469
1469	476
1469	1264
1264	1469
1469	965
965	1469
1469	1276
1276	1469
1469	873
873	1469
1469	1000
1000	1469
1469	1537
1537	1469
1469	1116
1116	1469
1469	199
199	1469
1469	1086
1469	494
494	1469
1469	328
1505	1315
1315	1505
1505	1440
1440	1505
1505	1577
1577	1505
1505	965
965	1505
1505	212
212	1505
1505	135
135	1505
1505	921
921	1505
1505	1212
1505	1016
1505	1469
1469	1505
1505	1083
1505	1005
1005	1505
1505	38
38	1505
199	932
932	199
199	1469
1469	199
322	1496
1496	322
116	326
66	136
136	66
66	691
691	66
66	1177
1177	66
66	1388
1388	66
66	1485
1485	66
66	1176
1176	66
66	103
103	66
66	1471
1471	66
66	298
298	66
66	1124
1124	66
1364	1244
1095	1244
1177	1244
1170	1244
1388	1244
379	1244
68	1244
172	1244
1474	1244
103	1244
1323	1244
1124	1244
1004	911
1004	207
207	1004
1004	1438
1438	1004
612	88
1496	88
1131	1370
184	933
951	1178
654	185
8	185
533	1143
168	1143
1190	766
1190	830
1190	1609
184	840
184	720
184	719
184	969
184	1571
1571	184
184	187
187	184
184	528
184	1202
184	655
184	53
184	1358
184	1594
184	1131
1131	184
184	889
184	933
184	426
184	151
184	164
184	1184
1184	184
184	1539
184	379
379	184
184	476
184	806
184	768
768	184
184	1054
184	1029
1029	184
184	1554
184	664
664	184
184	148
184	1232
1232	184
184	659
184	8
8	184
184	738
738	184
184	822
184	810
184	905
1185	461
461	1185
1185	498
498	1185
179	1341
179	183
179	801
179	188
188	179
179	915
915	179
179	768
768	179
179	1056
1056	179
179	277
277	179
179	857
857	179
179	173
173	179
179	620
620	179
517	127
127	517
517	355
355	517
517	1172
1172	517
517	1395
1395	517
517	1432
1432	517
99	1361
1203	1502
1502	1203
1203	183
1203	801
664	1115
494	147
147	494
494	951
951	494
494	367
367	494
494	1496
1496	494
494	81
81	494
494	1537
1537	494
494	612
612	494
494	1469
1469	494
494	738
738	494
494	328
1112	1556
1112	1140
1112	1208
1112	496
349	1146
839	1146
1092	90
90	1092
1092	1102
1102	1092
1092	207
207	1092
1092	623
623	1092
1092	135
135	1092
1092	812
812	1092
1092	599
599	1092
1092	1005
1005	1092
1092	929
929	1092
1147	1528
1528	1147
1170	1474
1474	1170
1170	1487
1487	1170
1170	1088
1170	103
103	1170
1170	1095
1095	1170
1170	1013
1170	452
1170	1177
1177	1170
1170	1388
1388	1170
1170	1244
1170	111
111	1170
1170	797
1170	68
68	1170
738	235
809	249
784	965
965	784
784	149
784	873
873	784
784	1449
784	99
99	784
784	703
703	784
784	470
470	784
784	274
274	784
784	328
99	793
470	793
1315	831
1232	831
1502	801
179	801
1364	801
1348	801
913	801
1131	801
80	801
915	801
768	801
1056	801
277	801
874	801
857	801
1377	801
291	801
1203	801
173	801
1497	801
620	801
1300	801
1190	830
738	830
778	90
90	778
778	1348
1348	778
778	207
207	778
778	342
342	778
778	1438
1438	778
778	188
188	778
778	135
135	778
778	142
142	778
343	780
1184	780
1181	780
845	780
533	829
1182	829
1183	829
1184	829
8	829
184	822
1131	822
1502	823
1085	823
1367	823
951	823
843	823
70	823
1356	823
1364	797
1095	797
1177	797
1170	797
1388	797
379	797
68	797
172	797
1474	797
103	797
1323	797
1124	797
1367	796
1131	796
839	519
839	1146
839	349
349	839
816	187
187	816
816	1591
1591	816
816	1326
816	1024
1024	816
817	893
893	817
817	1502
1502	817
1131	1100
1336	1105
203	1105
99	1105
1131	1090
951	1090
1505	1083
1122	136
136	1122
1122	691
691	1122
1122	1131
1131	1122
1122	825
1122	291
291	1122
1122	1039
1039	1122
1282	1308
1308	1282
1282	150
1282	1089
1282	1056
1056	1282
1282	172
172	1282
1282	857
857	1282
1282	698
698	1282
1282	1552
1552	1282
1287	135
135	1287
1287	812
812	1287
1287	761
761	1287
1287	951
951	1287
1287	1044
1044	1287
1287	1238
1238	1287
1287	86
86	1287
1287	1568
1568	1287
1287	1005
1005	1287
1154	166
1320	1447
1447	1320
1304	775
775	1304
1304	1348
1348	1304
1304	788
788	1304
1304	920
1304	1131
1131	1304
1304	137
1304	1184
1184	1304
1304	393
1304	960
1304	1529
1529	1304
1304	323
323	1304
1304	1554
1304	1486
1304	738
738	1304
1309	1527
664	1310
1315	90
90	1315
1315	894
1315	1505
1505	1315
1315	1348
1348	1315
1315	831
1315	1013
1315	1367
1367	1315
1315	1390
1390	1315
1315	1131
1131	1315
1315	1077
1315	188
188	1315
1315	1184
1184	1315
1315	379
379	1315
1315	1577
1577	1315
1315	123
123	1315
1315	768
768	1315
1315	1384
1384	1315
1315	898
898	1315
1315	1088
1315	825
1315	1389
1389	1315
1315	458
458	1315
1315	576
576	1315
1315	1547
1547	1315
1315	880
880	1315
1315	1323
1323	1315
1315	87
87	1315
1315	8
8	1315
1315	738
738	1315
1315	12
12	1315
1315	1468
1315	1533
1533	1315
1323	90
90	1323
1323	1315
1315	1323
1323	518
1323	1348
1348	1323
1323	1013
1323	1177
1177	1323
1323	1131
1131	1323
1323	917
917	1323
1323	1496
1496	1323
1323	626
626	1323
1323	797
1323	379
379	1323
1323	1233
1233	1323
1323	123
123	1323
1323	1088
1323	103
103	1323
1323	452
1323	1003
1003	1323
1323	1602
1323	519
1323	1244
1323	70
70	1323
1323	1212
1323	1124
1124	1323
1232	1266
1232	530
1232	873
873	1232
1232	184
184	1232
1232	825
1232	986
1232	831
1232	15
1232	664
664	1232
1232	961
1232	450
1232	1267
1232	976
1232	938
1232	1077
1232	597
1232	1159
1232	730
1232	905
1235	1131
1131	1235
1235	1568
1568	1235
1131	1237
1239	1609
1239	464
464	1239
1239	951
951	1239
1239	159
1240	1308
1308	1240
1243	1547
1547	1243
1243	1150
1150	1243
1204	1265
1232	1267
1502	1270
1059	1275
951	1275
1502	941
184	969
1545	969
664	969
1085	988
1367	988
951	988
70	988
956	957
957	956
1348	90
90	1348
1348	617
1348	237
237	1348
1348	592
592	1348
1348	1308
1308	1348
1348	1315
1315	1348
1348	1571
1571	1348
1348	187
187	1348
1348	1531
1348	342
342	1348
1348	429
429	1348
1348	788
788	1348
1348	801
1348	1131
1131	1348
1348	951
951	1348
1348	367
367	1348
1348	917
917	1348
1348	1496
1496	1348
1348	188
188	1348
1348	1183
1183	1348
1348	1440
1440	1348
1348	1184
1184	1348
1348	1539
1348	1566
1348	379
379	1348
1348	768
768	1348
1348	984
984	1348
1348	288
1348	1545
1545	1348
1348	291
291	1348
1348	99
99	1348
1348	1472
1348	1304
1304	1348
1348	612
612	1348
1348	1612
1612	1348
1348	173
173	1348
1348	1323
1323	1348
1348	778
778	1348
1348	415
415	1348
1348	738
738	1348
1348	620
620	1348
1368	477
477	1368
1369	136
136	1369
1369	691
691	1369
1369	876
1369	1278
1369	270
1413	99
99	1413
1413	470
470	1413
1420	1360
1440	1505
1505	1440
1440	1348
1348	1440
1440	1438
1438	1440
1440	1131
1131	1440
1440	379
379	1440
1440	170
170	1440
1440	1005
1005	1440
1440	738
738	1440
1438	90
90	1438
1438	617
1438	1445
1445	1438
1438	592
592	1438
1438	981
981	1438
1438	387
387	1438
1438	1088
1438	1004
1004	1438
1438	1013
1438	452
1438	1179
1179	1438
1438	289
289	1438
1438	207
207	1438
1438	135
135	1438
1438	913
913	1438
1438	812
812	1438
1438	945
945	1438
1438	1375
1438	142
142	1438
1438	1602
1438	849
849	1438
1438	725
725	1438
1438	1044
1044	1438
1438	1066
1066	1438
1438	188
188	1438
1438	778
778	1438
1438	1440
1440	1438
1438	451
451	1438
1438	1005
1005	1438
1438	414
414	1438
1438	932
932	1438
1438	283
283	1438
1438	1507
1438	768
768	1438
1379	138
138	1379
1379	361
361	1379
1379	547
547	1379
1379	1085
1085	1379
1379	1367
1367	1379
1379	576
576	1379
1379	87
87	1379
1379	12
12	1379
1379	123
123	1379
1379	1533
1533	1379
1379	1488
1488	1379
1384	1315
1315	1384
1384	103
103	1384
1384	1547
1547	1384
1384	738
738	1384
1384	1468
1571	1472
1348	1472
1399	1472
1131	1472
367	1472
1225	1472
915	1472
768	1472
1056	1472
421	1472
277	1472
1029	1472
857	1472
291	1472
173	1472
184	720
184	719
1129	1609
1129	1449
1129	740
740	1129
1129	666
1129	707
1502	1445
1445	1502
1502	1179
1179	1502
1502	112
1502	736
1502	801
1502	218
218	1502
1502	941
1502	849
849	1502
1502	92
1502	500
500	1502
1502	1593
1593	1502
1502	699
1502	1600
1502	823
1502	451
451	1502
1502	414
414	1502
1502	44
1502	623
623	1502
1502	1242
1502	817
817	1502
1502	777
777	1502
1502	1326
1502	394
394	1502
1502	502
502	1502
1502	519
1502	1548
1502	660
1502	1203
1203	1502
1502	1206
1502	1066
1066	1502
1502	586
1502	1270
1502	1124
1124	1502
1523	465
1529	775
775	1529
1529	920
1529	960
1529	323
323	1529
1529	1304
1304	1529
1529	1486
1315	1468
379	1468
1384	1468
261	1468
1547	1468
738	1468
951	1534
1573	1534
664	1534
1535	31
31	1535
1535	931
931	1535
1535	1029
1029	1535
1535	1531
1535	15
1535	115
115	1535
1535	92
1535	1574
1574	1535
1535	1496
1496	1535
1535	1291
1291	1535
1535	1184
1184	1535
1535	1539
1535	1005
1005	1535
184	1539
187	1539
1348	1539
115	1539
951	1539
1291	1539
1535	1539
702	1539
1184	1539
1264	1539
664	1539
1181	1539
612	1539
299	1539
943	1539
343	1486
1131	1486
1216	1486
1610	1486
1583	1486
768	1486
1529	1486
1304	1486
654	1486
1111	1486
8	1486
1545	969
1545	1348
1348	1545
1545	655
1545	653
1545	496
1545	1336
1336	1545
1545	1381
1545	943
943	1545
1496	1281
1281	1496
1496	48
48	1496
1496	187
187	1496
1496	1531
1496	1348
1348	1496
1496	1447
1447	1496
1496	1050
1050	1496
1496	109
1496	1074
1074	1496
1496	115
115	1496
1496	1131
1131	1496
1496	703
703	1496
1496	322
322	1496
1496	951
951	1496
1496	367
367	1496
1496	917
917	1496
1496	1535
1535	1496
1496	526
526	1496
1496	203
203	1496
1496	953
953	1496
1496	1184
1184	1496
1496	484
1496	1068
1496	189
189	1496
1496	768
768	1496
1496	965
965	1496
1496	114
1496	1204
1204	1496
1496	172
172	1496
1496	935
1496	728
728	1496
1496	825
1496	47
47	1496
1496	0
0	1496
1496	1537
1537	1496
1496	494
494	1496
1496	88
1496	612
612	1496
1496	887
887	1496
1496	1469
1469	1496
1496	1568
1568	1496
1496	1323
1323	1496
1496	789
1496	415
415	1496
1102	1538
955	1538
1331	1538
184	1554
1304	1554
1112	1556
1571	184
184	1571
1571	187
187	1571
1571	1348
1348	1571
1571	583
583	1571
1571	342
342	1571
1571	913
913	1571
1571	842
842	1571
1571	788
788	1571
1571	890
890	1571
1571	1131
1131	1571
1571	1521
1521	1571
1571	951
951	1571
1571	500
500	1571
1571	159
1571	1245
1245	1571
1571	915
915	1571
1571	1109
1109	1571
1571	768
768	1571
1571	1056
1056	1571
1571	965
965	1571
1571	277
277	1571
1571	1204
1204	1571
1571	175
175	1571
1571	1029
1029	1571
1571	857
857	1571
1571	1389
1389	1571
1571	664
664	1571
1571	1472
1571	1574
1574	1571
1571	1612
1612	1571
1571	738
738	1571
1571	1124
1124	1571
1131	1566
1348	1566
1562	1447
1447	1562
184	1594
1502	1600
1131	1600
1601	346
1447	1598
342	1598
951	1598
953	1598
943	1598
1583	528
1583	343
343	1583
1583	920
1583	1131
1131	1583
1583	1610
1610	1583
1583	1184
1184	1583
1583	379
379	1583
1583	327
327	1583
1583	960
1583	1360
1583	654
654	1583
1583	887
887	1583
1583	1111
1111	1583
1583	1486
1589	1124
1124	1589
1603	379
379	1603
298	1604
1608	387
387	1608
1608	1528
1528	1608
1608	142
142	1608
1608	725
725	1608
1608	895
895	1608
28	1609
1276	1609
1447	1609
1190	1609
464	1609
1239	1609
740	1609
951	1609
1216	1609
953	1609
1129	1609
67	1609
738	1609
664	265
843	127
127	843
843	1085
1085	843
843	112
843	1367
1367	843
843	188
188	843
843	823
843	379
379	843
843	70
70	843
843	87
87	843
843	1488
1488	843
1432	927
927	1432
1432	517
517	1432
1432	1131
1131	1432
1432	889
1432	1209
1209	1432
703	936
1573	890
890	1573
1573	951
951	1573
1573	159
1573	1245
1245	1573
1573	1029
1029	1573
1573	664
664	1573
1573	1574
1574	1573
1573	1534
1573	1030
1030	1573
0	81
81	0
0	965
965	0
0	1204
1204	0
0	583
583	0
0	1447
1447	0
0	342
342	0
0	1537
1537	0
0	1074
1074	0
0	1224
1224	0
0	612
612	0
0	951
951	0
0	367
367	0
0	1612
1612	0
0	1496
1496	0
0	526
526	0
0	476
0	1109
1109	0
0	966
966	0
7	815
815	7
7	1028
1028	7
7	1182
1182	7
7	1183
1183	7
7	1184
1184	7
7	327
327	7
7	1575
1575	7
7	845
845	7
7	8
8	7
5	18
951	18
1131	22
664	22
135	50
48	1088
48	1013
48	192
192	48
48	612
612	48
48	1575
1575	48
48	1028
1028	48
48	1496
1496	48
403	43
80	918
80	801
80	453
81	1447
1447	81
81	1074
1074	81
81	740
740	81
81	0
0	81
81	494
494	81
60	738
738	60
87	1315
1315	87
87	1085
1085	87
87	1367
1367	87
87	1131
1131	87
87	1213
1213	87
87	188
188	87
87	1184
1184	87
87	379
379	87
87	123
123	87
87	768
768	87
87	898
898	87
87	1029
1029	87
87	1379
1379	87
87	843
843	87
87	1547
1547	87
87	1288
1288	87
87	70
70	87
87	1356
1356	87
87	8
8	87
87	12
12	87
87	1533
1533	87
86	898
898	86
86	202
86	880
880	86
86	1287
1287	86
86	1238
1238	86
86	929
929	86
70	1085
1085	70
70	112
70	1367
1367	70
70	843
843	70
70	1548
70	270
70	1323
1323	70
70	87
87	70
70	823
70	988
70	1488
1488	70
67	464
464	67
67	953
953	67
67	1609
1502	92
187	92
115	92
1291	92
1535	92
664	92
104	592
592	104
104	387
387	104
104	1095
1095	104
104	1591
1591	104
104	207
207	104
104	895
895	104
104	1326
104	142
142	104
99	90
90	99
99	149
99	536
99	187
187	99
99	1348
1348	99
99	1449
99	527
99	1131
1131	99
99	666
99	367
367	99
99	1413
1413	99
99	784
784	99
99	274
274	99
99	476
99	768
768	99
99	1204
1204	99
99	825
99	1361
99	470
470	99
99	793
99	1105
943	128
147	1487
1487	147
147	1095
1095	147
147	494
494	147
147	570
570	147
147	111
111	147
147	953
953	147
147	68
68	147
138	361
361	138
138	547
547	138
138	1367
1367	138
138	576
576	138
138	1379
1379	138
138	270
138	12
12	138
138	123
123	138
138	1488
1488	138
1304	137
738	137
1571	159
464	159
890	159
951	159
1573	159
1245	159
1204	159
1239	159
1030	159
1131	155
738	155
184	164
951	164
103	276
1471	276
189	311
311	189
189	612
612	189
189	811
811	189
189	1496
1496	189
189	1331
1331	189
189	1593
1593	189
189	1526
1526	189
189	415
415	189
1348	288
1131	288
1184	288
768	288
738	288
331	394
394	331
342	90
90	342
342	536
342	733
733	342
342	1571
1571	342
342	187
187	342
342	1348
1348	342
342	583
583	342
342	1013
342	39
342	1224
1224	342
342	341
341	342
342	951
951	342
342	1598
342	1109
1109	342
342	618
618	342
342	768
768	342
342	1088
342	0
0	342
342	1181
1181	342
342	1574
1574	342
342	1612
1612	342
342	1568
1568	342
342	778
778	342
342	943
943	342
342	696
696	342
127	339
343	840
343	780
343	528
343	181
343	788
788	343
343	920
343	1131
1131	343
343	1610
1610	343
343	151
343	379
379	343
343	1583
1583	343
343	960
343	1360
343	1181
1181	343
343	654
654	343
343	887
887	343
343	1486
343	810
951	346
1601	346
1028	363
327	363
1131	393
1304	393
367	401
415	401
184	426
1131	418
1184	418
1377	418
154	418
738	418
403	907
403	43
449	112
451	1445
1445	451
451	1502
1502	451
451	528
451	1179
1179	451
451	913
913	451
451	1375
451	1438
1438	451
451	849
849	451
451	500
500	451
451	414
414	451
451	768
768	451
451	965
965	451
451	103
103	451
451	1208
451	945
945	451
451	519
451	1469
1469	451
451	1066
1066	451
451	1124
1124	451
788	450
887	450
1232	450
458	1315
1315	458
458	379
379	458
458	898
898	458
458	880
880	458
1447	484
1537	484
612	484
1496	484
953	484
738	484
664	481
526	1447
1447	526
526	1074
1074	526
526	761
761	526
526	367
367	526
526	1496
1496	526
526	618
618	526
526	965
965	526
526	0
0	526
526	1537
1537	526
99	527
1232	530
943	530
579	750
8	611
738	611
733	600
618	600
696	600
703	936
703	10
703	1496
1496	703
703	784
784	703
703	203
203	703
703	440
440	703
455	712
135	675
951	704
1502	736
203	731
579	750
738	767
207	387
387	207
207	264
207	997
997	207
207	1013
207	913
913	207
207	1196
207	1438
1438	207
207	1092
1092	207
207	1096
1096	207
207	1044
1044	207
207	932
932	207
207	896
896	207
207	104
104	207
207	1088
207	1004
1004	207
207	452
207	135
135	207
207	812
812	207
207	391
207	142
142	207
207	1395
1395	207
207	725
725	207
207	468
468	207
207	1469
1469	207
207	778
778	207
207	12
12	207
809	249
502	249
664	234
236	172
172	236
236	12
12	236
236	1124
1124	236
664	858
951	858
664	871
203	871
943	860
1369	876
870	387
387	870
870	8
8	870
901	297
297	901
901	1528
1528	901
901	848
901	612
612	901
901	500
500	901
901	811
811	901
901	1331
1331	901
901	1593
1593	901
901	440
440	901
901	1570
1570	901
1074	892
1111	892
1238	892
1182	892
1183	892
1184	892
184	905
1131	905
1184	905
664	905
1232	905
403	907
387	911
187	911
951	911
1004	911
1439	911
1181	911
343	920
1131	920
1216	920
1610	920
1583	920
768	920
1529	920
1304	920
654	920
1111	920
1005	1505
1505	1005
1005	387
387	1005
1005	1438
1438	1005
1005	1092
1092	1005
1005	1131
1131	1005
1005	1287
1287	1005
1005	1535
1535	1005
1005	1440
1440	1005
1005	379
379	1005
1005	291
291	1005
1005	170
170	1005
1005	738
738	1005
1184	1021
1356	1021
136	1017
691	1017
951	1017
1505	1016
1131	1040
1039	815
815	1039
1039	477
477	1039
1039	1575
1575	1039
1039	1122
1122	1039
1039	327
327	1039
1024	816
816	1024
184	1054
1029	184
184	1029
1029	1571
1571	1029
1029	187
187	1029
1029	842
842	1029
1029	115
115	1029
1029	788
788	1029
1029	1155
1029	890
890	1029
1029	1131
1131	1029
1029	1521
1521	1029
1029	500
500	1029
1029	1573
1573	1029
1029	1535
1535	1029
1029	1184
1184	1029
1029	379
379	1029
1029	915
915	1029
1029	1056
1056	1029
1029	965
965	1029
1029	277
277	1029
1029	1204
1204	1029
1029	175
175	1029
1029	857
857	1029
1029	1389
1389	1029
1029	15
1029	291
291	1029
1029	664
664	1029
1029	1472
1029	1059
1059	1029
1029	148
1029	1599
1029	1574
1574	1029
1029	87
87	1029
1029	738
738	1029
1029	1030
1030	1029
1029	1124
1124	1029
1074	90
90	1074
1074	951
951	1074
1074	1238
1238	1074
1074	1496
1496	1074
1074	526
526	1074
1074	1109
1109	1074
1074	81
81	1074
1074	1322
1322	1074
1074	0
0	1074
1074	612
612	1074
1074	1574
1574	1074
1074	892
1074	505
505	1074
1496	1068
612	1068
1574	1068
1315	1077
1232	1077
1165	1164
1164	1165
1165	568
568	1165
1165	1166
1166	1165
1165	1393
1393	1165
1165	1162
1162	1165
1165	1392
1165	124
124	1165
1165	1161
1161	1165
1165	125
125	1165
1165	1394
1394	1165
1165	569
569	1165
1165	1167
1167	1165
1215	1301
135	334
1030	890
890	1030
1030	951
951	1030
1030	159
1030	1573
1573	1030
1030	1245
1245	1030
1030	1029
1029	1030
1030	1574
1574	1030
343	1360
1583	1360
1420	1360
1485	136
136	1485
1485	691
691	1485
1485	1177
1177	1485
1485	1388
1388	1485
1485	500
500	1485
1485	1176
1176	1485
1485	103
103	1485
1485	1471
1471	1485
1485	298
298	1485
1485	66
66	1485
1485	1124
1124	1485
5	318
725	90
90	725
725	592
592	725
725	387
387	725
725	207
207	725
725	913
913	725
725	1438
1438	725
725	895
895	725
725	1044
1044	725
725	812
812	725
725	468
468	725
725	1608
1608	725
1154	166
664	166
1183	380
1184	380
664	1590
274	149
274	1449
274	99
99	274
274	666
274	470
470	274
274	784
784	274
80	918
1300	918
775	1529
1529	775
775	323
323	775
775	788
788	775
775	1304
1304	775
775	1131
1131	775
576	138
138	576
576	898
898	576
576	361
361	576
576	1315
1315	576
576	547
547	576
576	1367
1367	576
576	1379
1379	576
576	1390
1390	576
576	880
880	576
576	379
379	576
576	738
738	576
576	12
12	576
576	123
123	576
576	1488
1488	576
568	1164
1164	568
568	1487
1487	568
568	1165
1165	568
568	1166
1166	568
568	1393
1393	568
568	1095
1095	568
568	1162
1162	568
568	1392
568	124
124	568
568	1161
1161	568
568	125
125	568
568	1394
1394	568
568	569
569	568
568	111
111	568
568	68
68	568
568	1167
1167	568
461	1308
1308	461
461	1185
1185	461
461	1138
1138	461
1291	31
31	1291
1291	931
931	1291
1291	187
187	1291
1291	862
1291	115
115	1291
1291	1131
1131	1291
1291	92
1291	1216
1216	1291
1291	1535
1535	1291
1291	1184
1184	1291
1291	1539
1291	1204
1204	1291
1291	15
1291	381
1291	812
812	1291
1162	1164
1164	1162
1162	568
568	1162
1162	1487
1487	1162
1162	1165
1165	1162
1162	1528
1528	1162
1162	1166
1166	1162
1162	1393
1393	1162
1162	1095
1095	1162
1162	125
125	1162
1162	1394
1394	1162
1162	569
569	1162
1162	111
111	1162
1162	1391
1162	68
68	1162
1162	1167
1167	1162
547	138
138	547
547	361
361	547
547	1367
1367	547
547	576
576	547
547	1379
1379	547
547	270
547	692
692	547
547	12
12	547
547	123
123	547
547	1488
1488	547
929	1102
1102	929
929	135
135	929
929	1092
1092	929
929	86
86	929
929	1183
1183	929
929	8
8	929
533	183
533	132
533	1143
533	1446
533	829
533	168
168	533
1487	571
571	1487
1487	1474
1474	1487
1487	568
568	1487
1487	1095
1095	1487
1487	1162
1162	1487
1487	1170
1170	1487
1487	147
147	1487
1487	570
570	1487
1056	1507
421	1507
277	1507
857	1507
913	1507
1438	1507
173	1507
1225	1507
915	1507
768	1507
1502	44
470	149
470	1449
470	99
99	470
470	1131
1131	470
470	666
470	500
500	470
470	1413
1413	470
470	228
470	784
784	470
470	274
274	470
470	793
470	1577
1577	470
470	12
12	470
1316	898
898	1316
1316	927
927	1316
1316	1184
1184	1316
1316	379
379	1316
572	1095
1095	572
311	1131
1131	311
311	811
811	311
311	105
105	311
311	1331
1331	311
311	1593
1593	311
311	1194
1194	311
311	1570
1570	311
311	1526
1526	311
311	189
189	311
1537	1447
1447	1537
1537	367
367	1537
1537	1496
1496	1537
1537	526
526	1537
1537	484
1537	932
932	1537
1537	966
966	1537
1537	1276
1276	1537
1537	1000
1000	1537
1537	0
0	1537
1537	494
494	1537
1537	612
612	1537
1537	1469
1469	1537
664	75
1232	976
777	1502
1502	777
943	1506
664	85
1445	452
1095	452
1177	452
207	452
913	452
1170	452
1388	452
1438	452
379	452
68	452
414	452
932	452
1474	452
103	452
1323	452
1124	452
1511	398
398	1511
1511	1347
1511	819
819	1511
1511	879
879	1511
261	979
507	979
925	664
664	925
925	341
341	925
925	327
327	925
1276	341
341	1276
1276	951
951	1276
1276	953
953	1276
1276	1264
1264	1276
1276	965
965	1276
1276	935
1276	1000
1000	1276
1276	1609
1276	1537
1537	1276
1276	599
599	1276
1276	1469
1469	1276
1029	148
184	148
664	148
1131	148
170	148
873	90
90	873
873	965
965	873
873	812
812	873
873	784
784	873
873	1469
1469	873
873	1232
1232	873
873	1264
1264	873
888	1124
1124	888
111	568
568	111
111	1095
1095	111
111	1162
1162	111
111	1170
1170	111
111	147
147	111
111	570
570	111
111	1394
1394	111
700	1131
1131	700
700	699
700	291
291	700
738	41
1281	1131
1131	1281
1281	367
367	1281
1281	1496
1496	1281
1281	768
768	1281
895	592
592	895
895	104
104	895
895	135
135	895
895	812
812	895
895	142
142	895
895	725
725	895
895	1608
1608	895
981	913
913	981
981	1438
1438	981
570	571
571	570
570	1487
1487	570
570	1095
1095	570
570	147
147	570
570	111
111	570
570	376
376	570
570	68
68	570
1116	812
812	1116
1116	1044
1044	1116
1116	1469
1469	1116
1502	1242
341	82
341	1276
1276	341
341	1226
1226	341
341	925
925	341
341	342
342	341
1232	1159
943	1159
692	547
547	692
692	680
680	692
125	1164
1164	125
125	568
568	125
125	1165
1165	125
125	1166
1166	125
125	1393
1393	125
125	1162
1162	125
125	1392
125	124
124	125
125	1161
1161	125
125	1394
1394	125
125	569
569	125
125	1167
1167	125
1166	1164
1164	1166
1166	592
592	1166
1166	568
568	1166
1166	1165
1165	1166
1166	1393
1393	1166
1166	1095
1095	1166
1166	1162
1162	1166
1166	1392
1166	125
125	1166
1166	1394
1394	1166
1166	569
569	1166
1166	68
68	1166
1166	1167
1167	1166
455	143
1029	1599
664	1599
1232	961
28	1609
569	1164
1164	569
569	568
568	569
569	1165
1165	569
569	1166
1166	569
569	1393
1393	569
569	1095
1095	569
569	1162
1162	569
569	1161
1161	569
569	125
125	569
569	1394
1394	569
569	1167
1167	569
1388	1095
1095	1388
1388	1013
1388	1177
1177	1388
1388	1170
1170	1388
1388	500
500	1388
1388	1485
1485	1388
1388	797
1388	68
68	1388
1388	1474
1474	1388
1388	1088
1388	103
103	1388
1388	452
1388	1244
1388	298
298	1388
1388	66
66	1388
1388	1124
1124	1388
1502	1548
702	1548
1264	1548
1181	1548
70	1548
299	1548
533	1446
502	1502
1502	502
502	249
502	1575
1575	502
502	503
503	502
421	617
421	764
421	1225
1225	421
421	1507
421	768
768	421
421	1056
1056	421
421	857
857	421
421	1472
421	173
173	421
951	820
1111	1103
8	1103
415	401
415	1348
1348	415
415	1050
1050	415
415	842
842	415
415	367
367	415
415	1496
1496	415
415	189
189	415
415	612
612	415
187	31
31	187
187	931
931	187
187	184
184	187
187	1571
1571	187
187	1348
1348	187
187	1591
1591	187
187	342
342	187
187	816
816	187
187	1131
1131	187
187	92
187	1496
1496	187
187	1291
1291	187
187	1184
1184	187
187	1539
187	379
379	187
187	1029
1029	187
187	911
187	15
187	1326
187	99
99	187
187	664
664	187
187	612
612	187
187	1574
1574	187
187	620
620	187
788	775
775	788
788	241
241	788
788	1571
1571	788
788	1348
1348	788
788	343
343	788
788	450
788	1131
1131	788
788	779
788	1141
788	1184
1184	788
788	379
379	788
788	1029
1029	788
788	825
788	291
291	788
788	1304
1304	788
788	1574
1574	788
788	1356
1356	788
788	738
738	788
788	12
12	788
788	1285
1081	1124
1124	1081
1309	1527
1607	965
965	1607
1191	740
740	1191
90	1013
815	1013
48	1013
1315	1013
583	1013
1095	1013
1177	1013
192	1013
207	1013
342	1013
913	1013
1170	1013
1388	1013
1438	1013
1131	1013
626	1013
379	1013
68	1013
1233	1013
932	1013
1109	1013
123	1013
768	1013
172	1013
1474	1013
103	1013
1194	1013
1612	1013
1323	1013
1570	1013
1300	1013
1124	1013
1110	133
133	1110
1110	376
376	1110
1110	1262
1262	1110
738	1266
738	235
738	766
738	51
738	184
184	738
738	1315
1315	738
738	241
241	738
738	1571
1571	738
738	841
738	1348
1348	738
738	830
738	862
738	1367
1367	738
738	791
738	1196
738	788
788	738
738	1131
1131	738
738	418
738	137
738	367
367	738
738	188
188	738
738	1183
1183	738
738	1440
1440	738
738	132
738	1184
1184	738
738	484
738	379
379	738
738	123
123	738
738	768
768	738
738	1384
1384	738
738	1029
1029	738
738	288
738	545
738	825
738	60
60	738
738	96
738	212
212	738
738	15
738	1609
738	1194
1194	738
738	155
738	576
576	738
738	291
291	738
738	1304
1304	738
738	1547
1547	738
738	41
738	494
494	738
738	77
738	612
612	738
738	1574
1574	738
738	1062
738	1356
1356	738
738	1005
1005	738
738	8
8	738
738	38
38	738
738	12
12	738
738	767
738	1468
738	611
8	883
881	1121
1300	453
1300	1088
1300	1013
1300	918
1300	801
1226	90
90	1226
1226	341
341	1226
1161	1164
1164	1161
1161	568
568	1161
1161	1165
1165	1161
1161	1095
1095	1161
1161	125
125	1161
1161	1394
1394	1161
1161	569
569	1161
1161	68
68	1161
1000	965
965	1000
1000	1276
1276	1000
1000	1537
1537	1000
1000	1469
1469	1000
1000	1264
1264	1000
951	1283
1059	1275
1059	1028
1028	1059
1059	1204
1204	1059
1059	1029
1029	1059
551	552
1209	127
127	1209
1209	1172
1172	1209
1209	1395
1395	1209
1209	1432
1432	1209
598	794
187	15
115	15
951	15
1291	15
1535	15
379	15
1029	15
664	15
1574	15
1232	15
738	15
1085	112
1085	1367
1367	1085
1085	1379
1379	1085
1085	843
843	1085
1085	550
1085	70
70	1085
1085	87
87	1085
1085	823
1085	12
12	1085
1085	123
123	1085
1085	988
1085	1533
1533	1085
1085	1488
1488	1085
931	187
187	931
931	115
115	931
931	1291
1291	931
931	1535
1535	931
931	406
931	203
203	931
931	676
676	931
291	241
241	291
291	1348
1348	291
291	1367
1367	291
291	1102
1102	291
291	700
700	291
291	788
788	291
291	801
291	1131
1131	291
291	779
291	1122
1122	291
291	1184
1184	291
291	768
768	291
291	1029
1029	291
291	825
291	1472
291	887
887	291
291	1574
1574	291
291	1005
1005	291
291	738
738	291
291	12
12	291
744	324
957	956
956	957
1315	825
788	825
1131	825
1496	825
1182	825
1122	825
1183	825
1184	825
768	825
1204	825
291	825
99	825
664	825
1232	825
738	825
698	1056
1056	698
698	857
857	698
698	833
698	1282
1282	698
738	1062
1502	660
1131	789
1496	789
1184	789
932	90
90	932
932	592
592	932
932	387
387	932
932	1013
932	207
207	932
932	913
913	932
932	1438
1438	932
932	896
896	932
932	965
965	932
932	1088
932	452
932	1537
1537	932
932	199
199	932
464	1204
1204	464
464	1609
464	1239
1239	464
464	951
951	464
464	159
464	67
67	464
124	1164
1164	124
124	568
568	124
124	1165
1165	124
124	125
125	124
913	1602
1438	1602
626	1602
1323	1602
913	90
90	913
913	617
913	1438
1438	913
913	1445
1445	913
913	849
849	913
913	725
725	913
913	890
890	913
913	592
592	913
913	981
981	913
913	387
387	913
913	1088
913	1571
1571	913
913	1044
1044	913
913	1013
913	452
913	1179
1179	913
913	289
289	913
913	1066
1066	913
913	207
207	913
913	451
451	913
913	414
414	913
913	812
812	913
913	945
945	913
913	1375
913	1333
913	932
932	913
913	664
664	913
913	142
142	913
913	801
913	1507
913	1602
913	768
768	913
1552	1089
1552	1282
1282	1552
241	788
788	241
241	1131
1131	241
241	779
241	1184
1184	241
241	291
291	241
241	738
738	241
138	270
547	270
70	270
1369	270
179	1341
898	894
1315	894
1547	894
733	583
583	733
733	342
342	733
733	1612
1612	733
733	600
733	1109
1109	733
733	618
618	733
733	696
696	733
1364	591
1232	1266
738	1266
1348	1531
1131	1531
612	1531
1496	1531
1535	1531
931	406
203	931
931	203
203	731
203	703
703	203
203	1496
1496	203
203	1105
203	871
1591	187
187	1591
1591	816
816	1591
1591	104
104	1591
1591	478
478	1591
951	222
943	222
896	592
592	896
896	387
387	896
896	264
896	207
207	896
896	1096
1096	896
896	932
932	896
896	891
896	721
965	791
1377	791
1336	791
1469	791
738	791
898	894
898	1315
1315	898
898	1390
1390	898
898	86
86	898
898	379
379	898
898	123
123	898
898	458
458	898
898	576
576	898
898	1547
1547	898
898	880
880	898
898	87
87	898
898	1316
1316	898
887	343
343	887
887	450
887	1496
1496	887
887	1583
1583	887
887	291
291	887
887	612
612	887
896	721
943	860
943	536
943	1197
943	653
943	342
342	943
943	1506
943	609
943	951
951	943
943	1336
1336	943
943	1539
943	1159
943	1598
943	352
943	530
943	1204
1204	943
943	1545
1545	943
943	496
943	128
943	938
943	222
498	1185
1185	498
1238	90
90	1238
1238	477
477	1238
1238	1074
1074	1238
1238	1287
1287	1238
1238	86
86	1238
1238	892
874	1364
1364	874
874	801
874	1131
1131	874
874	133
133	874
207	264
896	264
1511	1347
170	841
738	841
8	1103
8	815
815	8
8	184
184	8
8	1315
1315	8
8	340
8	927
927	8
8	516
8	1131
1131	8
8	1028
1028	8
8	1182
1182	8
8	1183
1183	8
8	870
870	8
8	132
8	1184
1184	8
8	379
379	8
8	327
327	8
8	7
7	8
8	883
8	829
8	1575
1575	8
8	845
845	8
8	1111
1111	8
8	185
8	87
87	8
8	1486
8	929
929	8
8	693
693	8
8	738
738	8
8	611
965	1505
1505	965
965	1571
1571	965
965	1447
1447	965
965	791
965	951
951	965
965	367
367	965
965	1496
1496	965
965	784
784	965
965	702
702	965
965	526
526	965
965	451
451	965
965	1233
1233	965
965	1577
1577	965
965	476
965	932
932	965
965	1607
1607	965
965	966
966	965
965	1264
1264	965
965	1276
1276	965
965	873
873	965
965	1029
1029	965
965	1000
1000	965
965	0
0	965
965	1086
965	921
921	965
965	612
612	965
965	1574
1574	965
965	1469
1469	965
443	2
468	207
207	468
468	812
812	468
468	142
142	468
468	725
725	468
943	352
1322	90
90	1322
1322	1074
1074	1322
1322	505
505	1322
1526	311
311	1526
1526	1194
1194	1526
1526	811
811	1526
1526	105
105	1526
1526	1331
1331	1526
1526	1593
1593	1526
1526	1570
1570	1526
1526	189
189	1526
1124	136
136	1124
1124	691
691	1124
1124	1502
1502	1124
1124	477
477	1124
1124	1571
1571	1124
1124	1013
1124	1179
1179	1124
1124	1177
1177	1124
1124	1589
1589	1124
1124	1388
1388	1124
1124	1131
1131	1124
1124	236
236	1124
1124	500
500	1124
1124	1028
1028	1124
1124	1485
1485	1124
1124	797
1124	451
451	1124
1124	379
379	1124
1124	1176
1176	1124
1124	1081
1081	1124
1124	888
888	1124
1124	114
1124	1029
1029	1124
1124	1088
1124	103
103	1124
1124	452
1124	1471
1471	1124
1124	1244
1124	1574
1574	1124
1124	1323
1323	1124
1124	66
66	1124
327	1182
1182	327
327	1183
1183	327
327	1184
1184	327
327	1583
1583	327
327	7
7	327
327	925
925	327
327	363
327	1572
1572	327
327	1039
1039	327
327	845
845	327
327	1331
1331	327
327	8
8	327
1547	894
1547	1315
1315	1547
1547	1243
1243	1547
1547	1131
1131	1547
1547	1184
1184	1547
1547	379
379	1547
1547	768
768	1547
1547	1384
1384	1547
1547	898
898	1547
1547	87
87	1547
1547	738
738	1547
1547	12
12	1547
1547	1468
115	31
31	115
115	931
931	115
115	1029
1029	115
115	15
115	1131
1131	115
115	92
115	1574
1574	115
115	1496
1496	115
115	1291
1291	115
115	1535
1535	115
115	1539
115	1245
1245	115
1177	1095
1095	1177
1177	1013
1177	1170
1170	1177
1177	1388
1388	1177
1177	500
500	1177
1177	1485
1485	1177
1177	797
1177	68
68	1177
1177	1474
1474	1177
1177	1088
1177	103
103	1177
1177	452
1177	135
135	1177
1177	1244
1177	1323
1323	1177
1177	298
298	1177
1177	66
66	1177
1177	1124
1124	1177
188	1315
1315	188
188	179
179	188
188	1348
1348	188
188	1102
1102	188
188	1438
1438	188
188	367
367	188
188	680
680	188
188	379
379	188
188	984
984	188
188	135
135	188
188	843
843	188
188	87
87	188
188	778
778	188
188	738
738	188
188	12
12	188
896	891
738	51
788	1141
1377	1141
1356	1141
890	1571
1571	890
890	913
913	890
890	951
951	890
890	159
890	1573
1573	890
890	1245
1245	890
890	1029
1029	890
890	1383
890	1574
1574	890
890	1030
1030	890
1496	935
1276	935
1377	935
612	935
1445	1208
1179	1208
849	1208
451	1208
414	1208
1176	1208
1112	1208
945	1208
1066	1208
1050	612
612	1050
1050	1496
1496	1050
1050	415
415	1050
842	1029
1029	842
842	1571
1571	842
842	1364
1364	842
842	790
842	1131
1131	842
842	1574
1574	842
842	415
415	842
1323	518
1356	1021
1356	340
1356	788
788	1356
1356	1131
1131	1356
1356	1141
1356	823
1356	792
792	1356
1356	87
87	1356
1356	738
738	1356
620	179
179	620
620	187
187	620
620	1348
1348	620
620	183
620	801
620	1131
1131	620
620	1184
1184	620
620	768
768	620
698	833
1131	705
1570	1088
1570	311
311	1570
1570	1013
1570	1194
1194	1570
1570	500
500	1570
1570	811
811	1570
1570	1331
1331	1570
1570	1593
1593	1570
1570	440
440	1570
1570	901
901	1570
1570	1526
1526	1570
951	766
951	1571
1571	951
951	1348
1348	951
951	1447
1447	951
951	655
951	464
464	951
951	342
342	951
951	1074
1074	951
951	820
951	890
890	951
951	1275
951	159
951	1287
1287	951
951	1090
951	1573
1573	951
951	1496
1496	951
951	164
951	1363
951	953
953	951
951	823
951	1184
1184	951
951	1539
951	1245
1245	951
951	1017
951	930
951	1598
951	1192
951	346
951	1178
951	965
965	951
951	1276
1276	951
951	1204
1204	951
951	18
951	911
951	0
0	951
951	15
951	1609
951	1239
1239	951
951	858
951	1283
951	1065
951	494
494	951
951	612
612	951
951	1574
1574	951
951	1469
1469	951
951	704
951	943
943	951
951	1421
951	222
951	1534
951	479
951	988
951	1030
1030	951
1447	951
951	1447
1447	1320
1320	1447
1447	1496
1496	1447
1447	526
526	1447
1447	953
953	1447
1447	484
1447	476
1447	1598
1447	81
81	1447
1447	965
965	1447
1447	1562
1562	1447
1447	0
0	1447
1447	1609
1447	1537
1537	1447
1447	612
612	1447
1447	1469
1469	1447
455	143
455	712
477	1368
1368	477
477	1039
1039	477
477	1238
1238	477
477	1124
1124	477
879	1047
1047	879
879	893
893	879
879	1511
1511	879
945	378
664	516
845	516
1182	516
1183	516
1184	516
8	516
457	430
103	136
136	103
103	691
691	103
103	1095
1095	103
103	1013
103	1177
1177	103
103	1170
1170	103
103	276
103	1388
1388	103
103	500
500	103
103	1485
1485	103
103	797
103	451
451	103
103	68
68	103
103	1176
1176	103
103	1384
1384	103
103	1474
1474	103
103	1088
103	452
103	1471
1471	103
103	1244
103	1323
1323	103
103	298
298	103
103	66
66	103
103	1124
1124	103
1085	550
599	1260
1502	586
133	528
133	1131
1131	133
133	231
133	952
133	1110
1110	133
133	874
874	133
133	376
376	133
376	1095
1095	376
376	570
570	376
376	779
376	133
133	376
376	94
94	376
376	1110
1110	376
1288	87
87	1288
842	790
1412	1132
1132	1412
394	1502
1502	394
394	1131
1131	394
394	699
394	331
331	394
966	965
965	966
966	1204
1204	966
966	0
0	966
966	1537
1537	966
966	1224
1224	966
792	1356
1356	792
551	553
551	552
478	1591
1591	478
478	1326
184	1202
1336	1545
1545	1336
1336	653
1336	791
1336	496
1336	1105
1336	943
943	1336
623	1502
1502	623
623	1092
1092	623
623	68
68	623
1102	90
90	1102
1102	1538
1102	135
135	1102
1102	812
812	1102
1102	291
291	1102
1102	1092
1092	1102
1102	899
899	1102
1102	188
188	1102
1102	1183
1183	1102
1102	929
929	1102
1291	862
768	862
738	862
728	98
98	728
728	1496
1496	728
728	1262
1262	728
728	1389
1389	728
728	661
661	728
104	1326
1502	1326
478	1326
187	1326
816	1326
184	528
1364	528
343	528
1131	528
1610	528
133	528
451	528
1583	528
664	82
341	82
1574	82
1545	653
1336	653
943	653
1003	1323
1323	1003
1003	519
38	1505
1505	38
38	212
212	38
38	738
738	38
1109	90
90	1109
1109	733
733	1109
1109	1088
1109	1571
1571	1109
1109	583
583	1109
1109	0
0	1109
1109	1013
1109	39
1109	342
342	1109
1109	1074
1074	1109
1109	1181
1181	1109
1109	1224
1224	1109
1109	1612
1612	1109
1109	618
618	1109
1109	696
696	1109
86	202
1523	465
626	1013
626	1233
1233	626
626	172
172	626
626	1088
626	1602
626	1323
1323	626
237	1348
1348	237
533	183
179	183
1203	183
168	183
620	183
229	612
612	229
1066	1445
1445	1066
1066	1502
1502	1066
1066	1179
1179	1066
1066	913
913	1066
1066	1375
1066	218
218	1066
1066	1438
1438	1066
1066	849
849	1066
1066	451
451	1066
1066	414
414	1066
1066	768
768	1066
1066	1208
1066	945
945	1066
1066	519
218	1502
1502	218
218	849
849	218
218	848
218	1066
1066	218
812	167
951	1363
172	582
494	328
784	328
1469	328
289	913
913	289
289	1438
1438	289
845	90
90	845
845	815
815	845
845	780
845	516
845	1028
1028	845
845	1182
1182	845
845	1183
1183	845
845	1184
1184	845
845	327
327	845
845	7
7	845
845	1550
845	1575
1575	845
845	8
8	845
184	840
343	840
1181	840
811	297
297	811
811	311
311	811
811	1194
1194	811
811	848
811	1131
1131	811
811	500
500	811
811	105
105	811
811	1331
1331	811
811	1593
1593	811
811	440
440	811
811	1570
1570	811
811	901
901	811
811	1526
1526	811
811	189
189	811
540	802
1131	802
1502	1206
943	1197
1167	1164
1164	1167
1167	568
568	1167
1167	1165
1165	1167
1167	1166
1166	1167
1167	1162
1162	1167
1167	1392
1167	125
125	1167
1167	1394
1394	1167
1167	569
569	1167
768	617
768	1445
1445	768
768	1281
1281	768
768	536
768	184
184	768
768	1315
1315	768
768	179
179	768
768	1571
1571	768
768	1348
1348	768
768	1013
768	862
768	1179
1179	768
768	342
342	768
768	913
913	768
768	1375
768	801
768	920
768	1438
1438	768
768	849
849	768
768	1131
1131	768
768	367
367	768
768	764
768	760
768	1496
1496	768
768	1216
1216	768
768	1183
1183	768
768	1184
1184	768
768	451
451	768
768	379
379	768
768	414
414	768
768	1225
1225	768
768	915
915	768
768	1507
768	1056
1056	768
768	421
421	768
768	960
768	277
277	768
768	288
768	1088
768	825
768	857
857	768
768	945
945	768
768	291
291	768
768	99
99	768
768	1472
768	1547
1547	768
768	173
173	768
768	1066
1066	768
768	87
87	768
768	1486
768	738
738	768
768	620
620	768
740	1191
1191	740
740	707
740	1129
1129	740
740	81
81	740
740	1609
170	841
170	812
812	170
170	148
170	1044
1044	170
170	1568
1568	170
170	1440
1440	170
170	1005
1005	170
654	960
654	343
343	654
654	920
654	185
654	1610
1610	654
654	1486
654	1583
1583	654
880	898
898	880
880	1315
1315	880
880	458
458	880
880	576
576	880
880	86
86	880
880	379
379	880
880	123
123	880
598	794
1593	297
297	1593
1593	1502
1502	1593
1593	311
311	1593
1593	1194
1194	1593
1593	848
1593	1131
1131	1593
1593	500
500	1593
1593	811
811	1593
1593	105
105	1593
1593	1331
1331	1593
1593	440
440	1593
1593	1570
1570	1593
1593	901
901	1593
1593	1526
1526	1593
1593	189
189	1593
1179	1375
913	1375
1438	1375
849	1375
451	1375
768	1375
945	1375
1066	1375
1365	1395
1395	1365
135	1359
1182	1359
1183	1359
184	1358
1377	791
1377	801
1377	418
1377	1567
1377	1141
1377	935
1377	1031
1377	154
154	1377
1474	1487
1487	1474
1474	1088
1474	103
103	1474
1474	1095
1095	1474
1474	1013
1474	452
1474	1177
1177	1474
1474	1170
1170	1474
1474	1388
1388	1474
1474	1244
1474	797
1474	68
68	1474
1572	1028
1028	1572
1572	327
327	1572
1502	699
700	699
394	699
1028	48
48	1028
1028	1514
1514	1028
1028	1131
1131	1028
1028	1182
1182	1028
1028	1183
1183	1028
1028	1184
1184	1028
1028	122
122	1028
1028	7
7	1028
1028	363
1028	1059
1059	1028
1028	1572
1572	1028
1028	845
845	1028
1028	1331
1331	1028
1028	8
8	1028
1028	1124
1124	1028
261	294
175	1029
1029	175
175	1571
1571	175
175	1521
1521	175
175	1574
1574	175
1131	117
1502	112
1085	112
1367	112
449	112
843	112
70	112
1488	112
105	1593
1593	105
105	1526
1526	105
105	172
172	105
105	311
311	105
105	1194
1194	105
105	848
105	811
811	105
105	1331
1331	105
1445	519
1502	519
1179	519
849	519
1131	519
451	519
414	519
1176	519
349	519
839	519
945	519
1003	519
1323	519
1066	519
507	979
507	261
261	507
503	502
502	503
242	90
90	242
207	1196
738	1196
1179	1445
1445	1179
1179	1502
1502	1179
1179	1208
1179	913
913	1179
1179	945
945	1179
1179	1375
1179	519
1179	1438
1438	1179
1179	849
849	1179
1179	1066
1066	1179
1179	451
451	1179
1179	414
414	1179
1179	768
768	1179
1179	1124
1124	1179
1176	1485
1485	1176
1176	103
103	1176
1176	1208
1176	519
1176	1575
1575	1176
1176	66
66	1176
1176	1124
1124	1176
173	617
173	179
179	173
173	1348
1348	173
173	801
173	1131
1131	173
173	764
173	1225
1225	173
173	915
915	173
173	1507
173	768
768	173
173	1056
1056	173
173	421
421	173
173	277
277	173
173	857
857	173
173	1472
184	151
343	151
1181	151
784	149
274	149
99	149
470	149
1545	496
1336	496
943	496
1112	496
533	132
8	132
693	132
738	132
168	132
207	391
127	540
540	127
127	927
927	127
127	517
517	127
127	843
843	127
127	339
127	889
127	1209
1209	127
122	1028
1028	122
323	775
775	323
323	1529
1529	323
323	1304
1304	323
676	377
135	1093
965	1086
1469	1086
361	138
138	361
361	547
547	361
361	1367
1367	361
361	576
576	361
361	1379
1379	361
361	12
12	361
361	123
123	361
361	1488
1488	361
1225	617
1225	764
1225	1507
1225	768
768	1225
1225	1056
1056	1225
1225	421
421	1225
1225	857
857	1225
1225	1472
1225	173
173	1225
1224	90
90	1224
1224	583
583	1224
1224	342
342	1224
1224	1131
1131	1224
1224	1109
1109	1224
1224	966
966	1224
1224	1204
1204	1224
1224	0
0	1224
1224	1612
1612	1224
90	387
387	90
90	1315
1315	90
90	1226
1226	90
90	1348
1348	90
90	1013
90	1102
1102	90
90	927
927	90
90	342
342	90
90	913
913	90
90	1074
1074	90
90	1224
1224	90
90	1438
1438	90
90	1514
1514	90
90	1092
1092	90
90	1044
1044	90
90	1238
1238	90
90	1183
1183	90
90	379
379	90
90	242
242	90
90	932
932	90
90	1109
1109	90
90	123
123	90
90	1322
1322	90
90	873
873	90
90	1088
90	135
135	90
90	812
812	90
90	99
99	90
90	142
142	90
90	725
725	90
90	845
845	90
90	1323
1323	90
90	778
778	90
788	1285
1470	1131
1131	1470
849	1445
1445	849
849	1502
1502	849
849	1179
1179	849
849	913
913	849
849	1375
849	218
218	849
849	1438
1438	849
849	451
451	849
849	414
414	849
849	768
768	849
849	1208
849	945
945	849
849	519
849	1066
1066	849
812	90
90	812
812	592
592	812
812	387
387	812
812	1102
1102	812
812	207
207	812
812	913
913	812
812	1438
1438	812
812	1092
1092	812
812	1287
1287	812
812	895
895	812
812	1291
1291	812
812	707
812	702
702	812
812	68
68	812
812	1264
1264	812
812	873
873	812
812	135
135	812
812	1116
1116	812
812	142
142	812
812	420
420	812
812	725
725	812
812	468
468	812
812	167
812	453
812	170
170	812
812	1568
1568	812
812	299
299	812
184	806
440	703
703	440
440	500
500	440
440	811
811	440
440	1331
1331	440
440	1593
1593	440
440	1570
1570	440
440	901
901	440
457	430
1190	766
951	766
738	766
1131	760
917	760
768	760
664	760
349	1146
349	839
839	349
349	519
1505	1212
1323	1212
1356	340
8	340
12	340
1291	381
379	90
90	379
379	184
184	379
379	1315
1315	379
379	187
187	379
379	1348
1348	379
379	1013
379	343
343	379
379	1367
1367	379
379	927
927	379
379	788
788	379
379	1131
1131	379
379	1213
1213	379
379	1603
1603	379
379	188
188	379
379	797
379	1440
1440	379
379	1184
1184	379
379	1583
1583	379
379	123
123	379
379	768
768	379
379	984
984	379
379	898
898	379
379	1029
1029	379
379	1088
379	1389
1389	379
379	452
379	15
379	135
135	379
379	458
458	379
379	576
576	379
379	843
843	379
379	1547
1547	379
379	1244
379	880
880	379
379	1323
1323	379
379	87
87	379
379	1316
1316	379
379	1005
1005	379
379	8
8	379
379	693
693	379
379	738
738	379
379	12
12	379
379	1468
379	1124
1124	379
744	324
1182	1359
1182	815
815	1182
1182	516
1182	1028
1028	1182
1182	1183
1183	1182
1182	1184
1184	1182
1182	327
327	1182
1182	7
7	1182
1182	825
1182	829
1182	1575
1575	1182
1182	845
845	1182
1182	892
1182	8
8	1182
812	707
740	707
1044	707
1568	707
1129	707
367	1281
1281	367
367	401
367	1348
1348	367
367	1131
1131	367
367	1496
1496	367
367	526
526	367
367	188
188	367
367	768
768	367
367	965
965	367
367	1204
1204	367
367	0
0	367
367	135
135	367
367	1537
1537	367
367	99
99	367
367	1472
367	494
494	367
367	612
612	367
367	1568
1568	367
367	415
415	367
367	738
738	367
1172	517
517	1172
1172	1209
1209	1172
696	733
733	696
696	583
583	696
696	342
342	696
696	1612
1612	696
696	600
696	1109
1109	696
696	618
618	696
691	136
136	691
691	655
691	500
500	691
691	1485
1485	691
691	1122
1122	691
691	1017
691	103
103	691
691	1369
1369	691
691	66
66	691
691	1124
1124	691
1150	1243
1243	1150
1150	1391
676	931
931	676
676	592
592	676
676	387
387	676
676	377
676	476
355	517
517	355
283	1438
1438	283
99	666
470	666
274	666
1129	666
661	728
728	661
661	1389
1389	661
661	98
98	661
661	1262
1262	661
1112	1140
1131	775
775	1131
1131	1180
1131	1281
1281	1131
1131	815
815	1131
1131	184
184	1131
1131	1315
1315	1131
1131	241
241	1131
1131	74
74	1131
1131	117
1131	1571
1571	1131
1131	187
187	1131
1131	1531
1131	1364
1364	1131
1131	1348
1348	1131
1131	1013
1131	528
1131	343
343	1131
1131	796
1131	927
927	1131
1131	700
700	1131
1131	842
842	1131
1131	788
788	1131
1131	115
115	1131
1131	801
1131	1224
1224	1131
1131	802
1131	920
1131	418
1131	367
367	1131
1131	889
1131	1028
1028	1131
1131	760
1131	1090
1131	1496
1496	1131
1131	1291
1291	1131
1131	1040
1131	1593
1593	1131
1131	133
133	1131
1131	1122
1122	1131
1131	1600
1131	1183
1183	1131
1131	1440
1440	1131
1131	1184
1184	1131
1131	1566
1131	379
379	1131
1131	414
414	1131
1131	476
1131	393
1131	1583
1583	1131
1131	915
915	1131
1131	705
1131	1396
1396	1131
1131	768
768	1131
1131	960
1131	1235
1235	1131
1131	874
874	1131
1131	1029
1029	1131
1131	288
1131	825
1131	311
311	1131
1131	1389
1389	1131
1131	22
1131	155
1131	394
394	1131
1131	291
291	1131
1131	99
99	1131
1131	664
664	1131
1131	1472
1131	1304
1304	1131
1131	1547
1547	1131
1131	519
1131	148
1131	612
612	1131
1131	1575
1575	1131
1131	470
470	1131
1131	1100
1131	811
811	1131
1131	1237
1131	1111
1111	1131
1131	1574
1574	1131
1131	173
173	1131
1131	1370
1131	1323
1323	1131
1131	87
87	1131
1131	1356
1356	1131
1131	194
1131	1486
1131	789
1131	1005
1005	1131
1131	8
8	1131
1131	1470
1470	1131
1131	1432
1432	1131
1131	738
738	1131
1131	12
12	1131
1131	620
620	1131
1131	822
1131	905
1131	1124
1124	1131
1390	898
898	1390
1390	1315
1315	1390
1390	576
576	1390
1390	123
123	1390
1111	1103
1111	920
1111	1131
1131	1111
1111	892
1111	1184
1184	1111
1111	1486
1111	8
8	1111
1111	1583
1583	1111
927	90
90	927
927	127
127	927
927	1131
1131	927
927	1184
1184	927
927	379
379	927
927	1395
1395	927
927	1316
1316	927
927	8
8	927
927	1432
1432	927
192	48
48	192
192	1013
192	1088
921	965
965	921
921	1505
1505	921
921	702
702	921
921	299
299	921
921	1577
1577	921
921	1264
1264	921
343	181
1181	181
1367	138
138	1367
1367	361
361	1367
1367	1315
1315	1367
1367	547
547	1367
1367	1085
1085	1367
1367	112
1367	796
1367	576
576	1367
1367	291
291	1367
1367	1379
1379	1367
1367	843
843	1367
1367	70
70	1367
1367	87
87	1367
1367	823
1367	379
379	1367
1367	738
738	1367
1367	12
12	1367
1367	123
123	1367
1367	988
1367	1533
1533	1367
1367	1488
1488	1367
899	1102
1102	899
899	955
955	899
899	1331
1331	899
90	1088
48	1088
1315	1088
583	1088
1095	1088
1177	1088
192	1088
207	1088
342	1088
913	1088
1170	1088
1388	1088
1438	1088
626	1088
379	1088
68	1088
1233	1088
932	1088
1109	1088
123	1088
768	1088
172	1088
1474	1088
103	1088
1194	1088
1612	1088
1323	1088
1570	1088
1300	1088
1124	1088
172	114
172	1088
172	1013
172	582
172	1244
172	848
172	612
612	172
172	236
236	172
172	105
105	172
172	1496
1496	172
172	626
626	172
172	797
172	1233
1233	172
172	1282
1282	172
168	533
533	168
168	183
168	132
168	1143
1245	1571
1571	1245
1245	115
115	1245
1245	890
890	1245
1245	951
951	1245
1245	159
1245	1573
1573	1245
1245	1030
1030	1245
1308	1611
1611	1308
1308	1240
1240	1308
1308	461
461	1308
1308	857
857	1308
1308	1348
1348	1308
1308	429
429	1308
1308	150
1308	1282
1282	1308
154	418
154	1377
1377	154
154	1430
1430	154
1216	617
1216	920
1216	1291
1291	1216
1216	768
768	1216
1216	960
1216	1609
1216	1486
1215	1301
1308	150
857	150
1282	150
881	144
142	90
90	142
142	592
592	142
142	387
387	142
142	207
207	142
142	913
913	142
142	1438
1438	142
142	895
895	142
142	1044
1044	142
142	476
142	104
104	142
142	135
135	142
142	812
812	142
142	468
468	142
142	1608
1608	142
142	778
778	142
136	691
691	136
136	655
136	500
500	136
136	1485
1485	136
136	1122
1122	136
136	1017
136	103
103	136
136	1369
1369	136
136	66
66	136
136	1124
1124	136
500	136
136	500
500	691
691	500
500	1502
1502	500
500	1571
1571	500
500	1177
1177	500
500	1388
1388	500
500	1485
1485	500
500	1593
1593	500
500	451
451	500
500	901
901	500
500	114
500	1029
1029	500
500	103
103	500
500	470
470	500
500	811
811	500
500	1574
1574	500
500	1331
1331	500
500	440
440	500
500	1570
1570	500
500	1124
1124	500
1612	733
733	1612
1612	1088
1612	1571
1571	1612
1612	1348
1348	1612
1612	583
583	1612
1612	0
0	1612
1612	1013
1612	39
1612	342
342	1612
1612	1181
1181	1612
1612	1224
1224	1612
1612	1568
1568	1612
1612	1109
1109	1612
1612	618
618	1612
1612	696
696	1612
133	952
1610	528
1610	343
343	1610
1610	920
1610	1583
1583	1610
1610	960
1610	654
654	1610
1610	1486
123	90
90	123
123	138
138	123
123	1315
1315	123
123	547
547	123
123	1085
1085	123
123	1013
123	1367
1367	123
123	1390
1390	123
123	379
379	123
123	898
898	123
123	361
361	123
123	1088
123	576
576	123
123	1379
1379	123
123	880
880	123
123	1323
1323	123
123	87
87	123
123	738
738	123
123	12
12	123
123	1533
1533	123
123	1488
1488	123
47	1496
1496	47
47	612
612	47
951	1065
1469	46
945	1445
1445	945
945	1179
1179	945
945	913
913	945
945	1375
945	1438
1438	945
945	849
849	945
945	451
451	945
945	414
414	945
945	768
768	945
945	378
945	1208
945	519
945	1066
1066	945
500	114
1496	114
172	114
612	114
1124	114
261	294
261	979
261	779
261	507
507	261
261	1468
592	476
184	476
387	476
1447	476
1131	476
1184	476
965	476
0	476
99	476
142	476
676	476
612	476
1469	476
1439	911
1439	135
135	1439
583	733
733	583
583	1088
583	1571
1571	583
583	0
0	583
583	1013
583	39
583	342
342	583
583	1181
1181	583
583	1224
1224	583
583	1612
1612	583
583	1109
1109	583
583	618
618	583
583	696
696	583
98	1262
1262	98
98	728
728	98
98	1389
1389	98
98	661
661	98
703	10
133	231
94	1095
1095	94
94	376
376	94
951	1421
470	228
1575	48
48	1575
1575	1131
1131	1575
1575	1182
1182	1575
1575	1183
1183	1575
1575	1184
1184	1575
1575	1176
1176	1575
1575	7
7	1575
1575	502
502	1575
1575	1039
1039	1575
1575	845
845	1575
1575	8
8	1575
1568	342
342	1568
1568	367
367	1568
1568	1287
1287	1568
1568	1044
1044	1568
1568	1496
1496	1568
1568	707
1568	702
702	1568
1568	1264
1264	1568
1568	1235
1235	1568
1568	812
812	1568
1568	1181
1181	1568
1568	612
612	1568
1568	170
170	1568
1568	1612
1612	1568
1568	299
299	1568
738	545
540	127
127	540
540	802
845	1550
693	1550
1445	1502
1502	1445
1445	1208
1445	452
1445	1179
1179	1445
1445	913
913	1445
1445	945
945	1445
1445	519
1445	1438
1438	1445
1445	849
849	1445
1445	1066
1066	1445
1445	451
451	1445
1445	414
414	1445
1445	768
768	1445
943	609
953	1447
1447	953
953	147
147	953
953	951
951	953
953	1496
1496	953
953	484
953	1598
953	1276
1276	953
953	1609
953	67
67	953
398	819
819	398
398	1511
1511	398
297	848
297	811
811	297
297	1331
1331	297
297	1593
1593	297
297	901
901	297
819	557
241	779
788	779
261	779
291	779
376	779
1514	90
90	1514
1514	1028
1028	1514
135	978
702	1044
1044	702
702	1539
702	1264
1264	702
702	965
965	702
702	812
812	702
702	921
921	702
702	1548
702	1568
1568	702
702	299
299	702
680	188
188	680
680	692
692	680
680	12
12	680
647	1255
664	578
583	39
342	39
1109	39
1612	39
1184	1021
1184	815
815	1184
1184	184
184	1184
1184	1315
1315	1184
1184	241
241	1184
1184	780
1184	187
187	1184
1184	1348
1348	1184
1184	927
927	1184
1184	788
788	1184
1184	516
1184	1131
1131	1184
1184	418
1184	951
951	1184
1184	889
1184	1028
1028	1184
1184	1496
1496	1184
1184	1291
1291	1184
1184	1535
1535	1184
1184	1182
1182	1184
1184	1183
1183	1184
1184	1539
1184	379
379	1184
1184	476
1184	1583
1583	1184
1184	327
327	1184
1184	768
768	1184
1184	7
7	1184
1184	1029
1029	1184
1184	288
1184	825
1184	135
135	1184
1184	291
291	1184
1184	664
664	1184
1184	829
1184	1304
1304	1184
1184	1547
1547	1184
1184	612
612	1184
1184	1575
1575	1184
1184	845
845	1184
1184	1111
1111	1184
1184	1574
1574	1184
1184	380
1184	892
1184	87
87	1184
1184	1316
1316	1184
1184	789
1184	8
8	1184
1184	738
738	1184
1184	12
12	1184
1184	620
620	1184
1184	905
571	1487
1487	571
571	1095
1095	571
571	570
570	571
571	68
68	571
116	326
1533	1315
1315	1533
1533	1085
1085	1533
1533	1367
1367	1533
1533	123
123	1533
1533	1379
1379	1533
1533	87
87	1533
1533	12
12	1533
1430	321
414	1445
1445	414
414	1502
1502	414
414	1208
414	452
414	1179
1179	414
414	913
913	414
414	945
945	414
414	519
414	1438
1438	414
414	849
849	414
414	1131
1131	414
414	1066
1066	414
414	451
451	414
414	768
768	414
819	398
398	819
819	557
819	1511
1511	819
1395	207
207	1395
1395	927
927	1395
1395	517
517	1395
1395	1209
1209	1395
1395	1365
1365	1395
80	453
812	453
1300	453
1529	960
343	960
1304	960
654	960
1131	960
1216	960
1610	960
1583	960
768	960
1497	801
387	90
90	387
387	592
592	387
387	104
104	387
387	911
387	207
207	387
387	135
135	387
387	913
913	387
387	812
812	387
387	142
142	387
387	676
676	387
387	1438
1438	387
387	725
725	387
387	1608
1608	387
387	1044
1044	387
387	870
870	387
387	1005
1005	387
387	476
387	932
932	387
387	896
896	387
664	799
1232	938
943	938
74	677
677	74
74	1389
1389	74
74	1131
1131	74
1528	1162
1162	1528
1528	1147
1147	1528
1528	1608
1608	1528
1528	901
901	1528
1232	986
955	1538
955	899
899	955
1577	998
1047	879
879	1047
277	617
277	179
179	277
277	1571
1571	277
277	801
277	764
277	915
915	277
277	1507
277	768
768	277
277	1056
1056	277
277	1029
1029	277
277	857
857	277
277	1472
277	1574
1574	277
277	173
173	277
857	617
857	1056
1056	857
857	421
421	857
857	277
277	857
857	1029
1029	857
857	1308
1308	857
857	179
179	857
857	1571
1571	857
857	698
698	857
857	1472
857	801
857	764
857	1574
1574	857
857	173
173	857
857	150
857	1225
1225	857
857	915
915	857
857	1282
1282	857
857	1507
857	768
768	857
1056	617
1056	421
421	1056
1056	277
277	1056
1056	1029
1029	1056
1056	179
179	1056
1056	857
857	1056
1056	1571
1571	1056
1056	698
698	1056
1056	1472
1056	801
1056	764
1056	1574
1574	1056
1056	173
173	1056
1056	1225
1225	1056
1056	915
915	1056
1056	1282
1282	1056
1056	1507
1056	768
768	1056
951	479
1056	764
421	764
277	764
857	764
173	764
1225	764
915	764
768	764
1577	965
965	1577
1577	1505
1505	1577
1577	1315
1315	1577
1577	135
135	1577
1577	921
921	1577
1577	470
470	1577
1577	998
1577	299
299	1577
1577	12
12	1577
1577	1264
1264	1577
1377	1031
297	848
218	848
1593	848
901	848
172	848
811	848
105	848
1331	848
1574	1571
1571	1574
1574	187
187	1574
1574	342
342	1574
1574	842
842	1574
1574	1074
1074	1574
1574	788
788	1574
1574	115
115	1574
1574	1155
1574	890
890	1574
1574	1131
1131	1574
1574	1521
1521	1574
1574	951
951	1574
1574	500
500	1574
1574	1573
1573	1574
1574	1535
1535	1574
1574	1184
1184	1574
1574	1068
1574	915
915	1574
1574	1056
1056	1574
1574	82
1574	965
965	1574
1574	277
277	1574
1574	1204
1204	1574
1574	175
175	1574
1574	1029
1029	1574
1574	857
857	1574
1574	1389
1389	1574
1574	15
1574	291
291	1574
1574	664
664	1574
1574	738
738	1574
1574	1030
1030	1574
1574	1124
1124	1574
1396	1131
1131	1396
1521	175
175	1521
1521	1029
1029	1521
1521	1571
1571	1521
1521	1574
1574	1521
677	74
74	677
677	1389
1389	677
1264	1044
1044	1264
1264	702
702	1264
1264	1539
1264	1577
1577	1264
1264	965
965	1264
1264	1276
1276	1264
1264	873
873	1264
1264	1000
1000	1264
1264	812
812	1264
1264	921
921	1264
1264	1548
1264	1469
1469	1264
1264	1568
1568	1264
1264	299
299	1264
1164	568
568	1164
1164	1165
1165	1164
1164	1166
1166	1164
1164	1393
1393	1164
1164	1162
1162	1164
1164	1392
1164	124
124	1164
1164	1161
1161	1164
1164	125
125	1164
1164	1394
1394	1164
1164	569
569	1164
1164	68
68	1164
1164	1167
1167	1164
136	655
691	655
184	655
951	655
1545	655
1131	194
1194	1013
1194	917
917	1194
1194	1593
1593	1194
1194	1526
1526	1194
1194	1088
1194	311
311	1194
1194	811
811	1194
1194	105
105	1194
1194	1331
1331	1194
1194	1570
1570	1194
1194	738
738	1194
1233	1013
1233	626
626	1233
1233	965
965	1233
1233	172
172	1233
1233	1088
1233	612
612	1233
1233	1469
1469	1233
1233	1323
1323	1233
599	1260
599	1092
1092	599
599	1276
1276	599
68	1164
1164	68
68	571
571	68
68	1474
1474	68
68	568
568	68
68	1088
68	103
103	68
68	1166
1166	68
68	1095
1095	68
68	1013
68	1162
1162	68
68	452
68	1177
1177	68
68	565
565	68
68	812
812	68
68	1170
1170	68
68	1388
1388	68
68	147
147	68
68	1244
68	1161
1161	68
68	570
570	68
68	797
68	623
623	68
1369	1278
1282	1089
1552	1089
1364	874
874	1364
1364	528
1364	842
842	1364
1364	801
1364	1244
1364	1131
1131	1364
1364	797
1364	591
951	930
1545	1381
1095	104
104	1095
1095	571
571	1095
1095	1474
1474	1095
1095	568
568	1095
1095	1487
1487	1095
1095	1088
1095	103
103	1095
1095	1166
1166	1095
1095	1013
1095	566
566	1095
1095	1162
1162	1095
1095	452
1095	1177
1177	1095
1095	1170
1170	1095
1095	1388
1388	1095
1095	147
147	1095
1095	1244
1095	1161
1161	1095
1095	570
570	1095
1095	569
569	1095
1095	111
111	1095
1095	94
94	1095
1095	797
1095	376
376	1095
1095	572
572	1095
1095	68
68	1095
1044	90
90	1044
1044	592
592	1044
1044	387
387	1044
1044	207
207	1044
1044	913
913	1044
1044	1116
1116	1044
1044	142
142	1044
1044	1438
1438	1044
1044	725
725	1044
1044	1287
1287	1044
1044	170
170	1044
1044	707
1044	1568
1568	1044
1044	702
702	1044
1044	299
299	1044
1044	1264
1264	1044
31	187
187	31
31	115
115	31
31	1291
1291	31
31	1535
1535	31
12	138
138	12
12	1315
1315	12
12	547
547	12
12	1085
1085	12
12	340
12	1367
1367	12
12	207
207	12
12	788
788	12
12	1131
1131	12
12	236
236	12
12	680
680	12
12	188
188	12
12	1184
1184	12
12	379
379	12
12	1577
1577	12
12	123
123	12
12	1204
1204	12
12	361
361	12
12	1389
1389	12
12	576
576	12
12	291
291	12
12	1379
1379	12
12	1547
1547	12
12	470
470	12
12	87
87	12
12	738
738	12
12	1533
1533	12
12	1488
1488	12
184	53
443	2
1232	730
