46
50
54
118
121
159
164
171
172
176
179
180
182
204
276
284
318
350
353
366
391
392
401
412
413
414
419
445
479
498
499
500
501
581
582
583
588
599
600
602
603
614
617
619
620
625
645
646
652
661
663
686
687
688
689
705
706
707
714
723
724
725
757
795
796
797
799
813
814
815
816
817
818
821
824
826
847
848
876
879
891
909
910
934
935
936
937
938
939
950
955
956
958
978
988
1003
1008
1043
1045
1081
1090
1167
1180
1182
1196
1197
1209
1210
1213
1240
1244
1245
1250
1251
1268
1269
1358
1370
1371
1372
1378
1379
1382
1408
1425
1426
1427
1428
1458
1459
1476
1553
1563
1566
1588
1595
1656
1657
1687
1689
1696
1700
1701
1705
1707
1708
1711
1715
1716
1719
1742
1747
1749
